Code	Occupation	Index_Inches	Gender_dominance_Number_MALE	Gender_dominance_Number_FEMALE	Gender_dominance_%_MALE	Gender_dominance_%_FEMALE	Glass_ceiling_MALE	Glass_ceiling_FEMALE	Glass_ceiling_RATIO	Glass_ceiling_%>180k_MALE	Glass_ceiling_%>180k_FEMALE	Glass_ceiling_RATIO_>180k	Glass_ceiling_%>80k_MALE	Glass_ceiling_%>80k_FEMALE	Glass_ceiling_RATIO_>80k	Glass_ceiling_%>37k_MALE	Glass_ceiling_%>37k_FEMALE	Glass_ceiling_RATIO_>37k	Salary_2009_MALE	Salary_2009_FEMALE	Salary_2009_DIFF	Salary_2013_MALE	Salary_2013_FEMALE	Salary_2013_DIFF	Progress_DOLLARS	Progress_PERCENT
1100	" Manager or director - type not specified, ATO RDCC"	3.8	1010	520	0.66	0.34	0.109	0.048	2.3	0.109	0.048	2.3	0.465	0.327	1.4	0.772	0.712	1.1	87887	66267	21620	87838	67640	20198	1422	0.066
1111	 Chief Executives and Managing Directors	5.6	106595	39760	0.73	0.27	0.199	0.105	1.9	0.199	0.105	1.9	0.471	0.351	1.3	0.759	0.673	1.1	114752	66307	48445	96188	55582	40606	7840	0.162
1112	 General Managers	6.5	138025	65350	0.68	0.32	0.142	0.055	2.6	0.142	0.055	2.6	0.535	0.316	1.7	0.871	0.761	1.1	101189	68401	32788	102767	66120	36647	-3859	-0.118
1113	 Legislators	3.3	2380	1815	0.57	0.43	0.134	0.061	2.2	0.134	0.061	2.2	0.393	0.237	1.7	0.687	0.592	1.2	84023	64243	19780	71703	55363	16340	3440	0.174
1210	 Farmers and Farm Managers	0.8	100	105	0.49	0.51	0.05	0.095	0.5	0	0	#DIV/0!	0	0	#DIV/0!	0.05	0.095	0.5	42507	24770	17737	14551	8323	6228	11509	0.649
1211	 Aquaculture Farmers	2.7	1415	230	0.86	0.14	0.007	0.022	0.3	0.007	0.022	0.3	0.117	0.043	2.7	0.59	0.37	1.6	49638	38655	10983	44796	28083	16713	-5730	-0.522
1212	 Crop Farmers	3.1	8425	2335	0.78	0.22	0.016	0.011	1.5	0.016	0.011	1.5	0.144	0.088	1.6	0.596	0.325	1.8	46102	30995	15107	39331	21528	17803	-2696	-0.178
1213	 Livestock Farmers	2.2	8715	2075	0.81	0.19	0.01	0.01	1	0.01	0.01	1	0.091	0.067	1.3	0.618	0.393	1.6	45600	33772	11828	41913	27017	14896	-3068	-0.259
1214	 Mixed Crop and Livestock Farmers	2.4	2740	550	0.83	0.17	0.02	0.036	0.6	0.02	0.036	0.6	0.144	0.182	0.8	0.635	0.482	1.3	42111	23324	18787	38455	19045	19409	-622	-0.033
1311	 Advertising and Sales Managers	5.3	98040	63920	0.61	0.39	0.096	0.038	2.5	0.096	0.038	2.5	0.505	0.299	1.7	0.888	0.774	1.1	94151	70135	24015	95050	67552	27497	-3482	-0.145
1321	 Corporate Services Managers	5.6	5110	4120	0.55	0.45	0.145	0.059	2.4	0.145	0.059	2.4	0.653	0.453	1.4	0.933	0.875	1.1	108930	82157	26773	113058	82699	30359	-3586	-0.134
1322	 Finance Managers	6.4	18305	13180	0.58	0.42	0.232	0.078	3	0.232	0.078	3	0.748	0.487	1.5	0.949	0.889	1.1	141427	87563	53864	143543	90219	53324	540	0.01
1323	 Human Resource Managers	4.4	7100	16145	0.31	0.69	0.154	0.083	1.9	0.154	0.083	1.9	0.683	0.53	1.3	0.941	0.893	1.1	111109	90009	21100	117697	93076	24621	-3521	-0.167
1324	 Policy and Planning Managers	3.3	18340	17665	0.51	0.49	0.094	0.048	2	0.094	0.048	2	0.858	0.721	1.2	0.977	0.948	1	105490	92090	13400	112442	96873	15569	-2169	-0.162
1325	 Research and Development Managers	6.4	4945	5885	0.46	0.54	0.095	0.027	3.5	0.095	0.027	3.5	0.579	0.336	1.7	0.878	0.778	1.1	93920	66800	27120	97424	66221	31204	-4084	-0.151
1331	 Construction Managers	4.7	48670	3165	0.94	0.06	0.087	0.032	2.7	0.087	0.032	2.7	0.508	0.357	1.4	0.861	0.817	1.1	84519	69655	14864	89715	69914	19801	-4937	-0.332
1332	 Engineering Managers	4.5	25870	1205	0.96	0.04	0.223	0.141	1.6	0.223	0.141	1.6	0.77	0.635	1.2	0.946	0.917	1	118286	95775	22511	132304	105616	26688	-4176	-0.186
1333	" Importers, Exporters and Wholesalers"	3.4	3020	1320	0.7	0.3	0.116	0.076	1.5	0.116	0.076	1.5	0.361	0.239	1.5	0.757	0.674	1.1	70801	49440	21361	65758	44205	21553	-192	-0.009
1334	 Manufacturers	4.3	16950	2480	0.87	0.13	0.021	0.01	2.1	0.021	0.01	2.1	0.302	0.105	2.9	0.861	0.659	1.3	67109	48164	18946	68580	46559	22021	-3076	-0.162
1335	 Production Managers	6.5	15510	2355	0.87	0.13	0.161	0.081	2	0.161	0.081	2	0.636	0.41	1.6	0.932	0.834	1.1	102075	70904	31171	112615	74397	38218	-7047	-0.226
1336	 Supply and Distribution Managers	3.5	10595	2560	0.81	0.19	0.07	0.039	1.8	0.07	0.039	1.8	0.512	0.346	1.5	0.936	0.844	1.1	85916	70696	15221	92481	74350	18131	-2911	-0.191
1341	 Child Care Centre Managers	3.4	365	7385	0.05	0.95	0.055	0.008	6.7	0.055	0.008	6.7	0.219	0.093	2.3	0.767	0.777	1	48904	51080	-2176	50462	51787	-1325	-852	0.391
1342	 Health and Welfare Services Managers	6.2	5225	22060	0.19	0.81	0.055	0.011	4.8	0.055	0.011	4.8	0.387	0.174	2.2	0.842	0.684	1.2	76396	55428	20967	77177	52072	25105	-4137	-0.197
1343	 School Principals	1.5	5695	5680	0.5	0.5	0.046	0.033	1.4	0.046	0.033	1.4	0.82	0.791	1	0.956	0.958	1	98071	93772	4299	108032	101959	6073	-1774	-0.413
1344	 Other Education Managers	4.5	1220	1730	0.41	0.59	0.086	0.035	2.5	0.086	0.035	2.5	0.631	0.46	1.4	0.877	0.835	1.1	93067	75488	17580	98577	77681	20895	-3316	-0.189
1351	 ICT Managers	3.8	45745	12770	0.78	0.22	0.119	0.066	1.8	0.119	0.066	1.8	0.705	0.551	1.3	0.943	0.888	1.1	108332	89703	18629	112799	91663	21135	-2507	-0.135
1391	 Commissioned Officers (Management)	2.7	8985	1915	0.82	0.18	0.027	0.013	2.1	0.027	0.013	2.1	0.466	0.342	1.4	0.911	0.888	1	73408	64885	8523	83813	73477	10335	-1812	-0.213
1392	 Senior Non-commissioned Defence Force Members	3.2	6695	790	0.89	0.11	0.025	0.006	4	0.025	0.006	4	0.56	0.361	1.6	0.95	0.924	1	82242	74064	8179	83761	76645	7116	1063	0.13
1399	 Other Specialist Managers	5.6	14680	12680	0.54	0.46	0.047	0.013	3.7	0.047	0.013	3.7	0.428	0.204	2.1	0.877	0.748	1.2	75910	57758	18153	81236	57912	23324	-5171	-0.285
1411	 Cafe and Restaurant Managers	2.3	19245	27870	0.41	0.59	0.007	0.003	2.2	0.007	0.003	2.2	0.076	0.032	2.4	0.587	0.449	1.3	46305	38226	8079	42080	34341	7739	340	0.042
1412	 Caravan Park and Camping Ground Managers	1.8	1285	1180	0.52	0.48	0.016	0.008	1.8	0.016	0.008	1.8	0.109	0.064	1.7	0.599	0.513	1.2	40085	37033	3052	38888	33997	4891	-1839	-0.603
1413	 Hotel and Motel Managers	3.1	8385	5505	0.6	0.4	0.027	0.011	2.5	0.027	0.011	2.5	0.174	0.094	1.8	0.785	0.688	1.1	57486	47519	9967	56737	45122	11614	-1647	-0.165
1414	 Licensed Club Managers	5.2	2505	1120	0.69	0.31	0.024	0.004	5.4	0.024	0.004	5.4	0.253	0.094	2.7	0.876	0.804	1.1	69702	56528	13174	71133	54909	16224	-3050	-0.232
1419	 Other Accommodation and Hospitality Managers	0.5	720	885	0.45	0.55	0.007	0.006	1.2	0.007	0.006	1.2	0.16	0.102	1.6	0.674	0.65	1	50637	46541	4096	46974	45545	1429	2667	0.651
1421	 Retail Managers	3.4	44355	51680	0.46	0.54	0.01	0.004	2.5	0.01	0.004	2.5	0.145	0.053	2.8	0.791	0.631	1.3	55128	44441	10687	54406	41728	12678	-1991	-0.186
1491	" Amusement, Fitness and Sports Centre Managers"	2.6	2365	1770	0.57	0.43	0.011	0.006	1.9	0.011	0.006	1.9	0.175	0.082	2.1	0.732	0.59	1.2	57145	46801	10344	54773	43371	11402	-1058	-0.102
1492	 Call or Contact Centre and Customer Service Managers	4	31340	58090	0.35	0.65	0.014	0.004	3.8	0.014	0.004	3.8	0.196	0.077	2.5	0.752	0.643	1.2	60116	48072	12045	58767	45793	12974	-929	-0.077
1493	 Conference and Event Organisers	4	1615	6340	0.2	0.8	0.015	0.002	6.5	0.015	0.002	6.5	0.158	0.072	2.2	0.693	0.666	1	56760	48230	8530	51599	45590	6010	2521	0.295
1494	 Transport Services Managers	1.8	17705	2090	0.89	0.11	0.027	0.019	1.4	0.027	0.019	1.4	0.356	0.246	1.4	0.84	0.797	1.1	70224	60717	9508	71428	61741	9687	-179	-0.019
1499	" Other Hospitality, Retail and Service Managers"	5.1	20300	11490	0.64	0.36	0.121	0.048	2.5	0.121	0.048	2.5	0.61	0.419	1.5	0.926	0.857	1.1	112817	79955	32863	110864	81554	29311	3552	0.108
2111	" Actors, Dancers and Other Entertainers"	1.5	5460	5075	0.52	0.48	0.021	0.012	1.8	0.021	0.012	1.8	0.089	0.061	1.5	0.342	0.263	1.3	41587	36555	5033	26973	22779	4193	839	0.167
2112	 Music Professionals	1.6	3325	1955	0.63	0.37	0.02	0.01	1.9	0.02	0.01	1.9	0.173	0.12	1.4	0.519	0.473	1.1	49686	44696	4990	38817	34513	4304	686	0.138
2113	 Photographers	3.9	2740	2580	0.52	0.48	0.011	0.004	2.8	0.011	0.004	2.8	0.161	0.039	4.1	0.582	0.32	1.8	52551	37467	15084	41995	25858	16137	-1054	-0.07
2114	 Visual Arts and Crafts Professionals	3.4	1315	1255	0.51	0.49	0.008	0.004	1.9	0.008	0.004	1.9	0.133	0.056	2.4	0.506	0.319	1.6	46988	34815	12173	40346	24563	15783	-3611	-0.297
2121	" Artistic Directors, and Media Producers and Presenters"	3.2	4790	4365	0.52	0.48	0.064	0.029	2.2	0.064	0.029	2.2	0.402	0.286	1.4	0.819	0.766	1.1	84903	69097	15807	80120	65192	14928	878	0.056
2122	" Authors, and Book and Script Editors"	1.5	730	1675	0.3	0.7	0.027	0.012	2.3	0.027	0.012	2.3	0.24	0.164	1.5	0.664	0.645	1	59986	51845	8141	44138	43176	962	7179	0.882
2123	" Film, Television, Radio and Stage Directors"	2	5595	2660	0.68	0.32	0.038	0.024	1.6	0.038	0.024	1.6	0.308	0.231	1.3	0.762	0.692	1.1	72826	60869	11956	65973	56076	9897	2060	0.172
2124	 Journalists and Other Writers	4.4	7840	9070	0.46	0.54	0.05	0.018	2.7	0.05	0.018	2.7	0.404	0.202	2	0.841	0.722	1.2	77542	58862	18680	73879	53480	20399	-1720	-0.092
2211	 Accountants	5.5	80080	79925	0.5	0.5	0.107	0.03	3.5	0.107	0.03	3.5	0.476	0.291	1.6	0.852	0.778	1.1	91742	67499	24243	91628	65600	26028	-1784	-0.074
2212	" Auditors, Company Secretaries and Corporate Treasurers"	5.3	8850	7540	0.54	0.46	0.128	0.049	2.6	0.128	0.049	2.6	0.502	0.34	1.5	0.874	0.802	1.1	97953	68373	29580	100109	70075	30034	-453	-0.015
2221	 Financial Brokers	7.6	7945	4845	0.62	0.38	0.128	0.021	6.2	0.128	0.021	6.2	0.478	0.214	2.2	0.857	0.786	1.1	104721	62574	42146	99285	61423	37863	4284	0.102
2222	 Financial Dealers	5.8	4295	795	0.84	0.16	0.373	0.176	2.1	0.373	0.176	2.1	0.668	0.453	1.5	0.877	0.774	1.1	252768	109735	143033	195929	98157	97772	45261	0.316
2223	 Financial Investment Advisers and Managers	6.7	12705	5755	0.69	0.31	0.159	0.059	2.7	0.159	0.059	2.7	0.551	0.337	1.6	0.895	0.821	1.1	113450	76201	37249	116188	74269	41919	-4670	-0.125
2231	 Human Resource Professionals	4	11840	31225	0.27	0.73	0.049	0.018	2.7	0.049	0.018	2.7	0.386	0.218	1.8	0.856	0.784	1.1	77835	63255	14579	78434	61399	17034	-2455	-0.168
2232	 ICT Trainers	3.2	1030	870	0.54	0.46	0.019	0.006	3.4	0.019	0.006	3.4	0.325	0.224	1.5	0.791	0.753	1.1	68295	60890	7405	66460	58195	8264	-860	-0.116
2233	 Training and Development Professionals	4.6	9660	10500	0.48	0.52	0.027	0.01	2.6	0.027	0.01	2.6	0.415	0.202	2.1	0.856	0.737	1.2	70794	57807	12987	75304	56568	18736	-5749	-0.443
2241	" Actuaries, Mathematicians and Statisticians"	5.8	2720	1560	0.64	0.36	0.188	0.08	2.3	0.188	0.08	2.3	0.618	0.471	1.3	0.875	0.849	1	119820	85964	33856	121043	86302	34742	-886	-0.026
2242	" Archivists, Curators and Records Managers"	3	2610	8065	0.24	0.76	0.017	0.008	2.1	0.017	0.008	2.1	0.261	0.148	1.8	0.805	0.69	1.2	61249	51869	9380	61370	49409	11961	-2582	-0.275
2243	 Economists	5.3	2360	1110	0.68	0.32	0.191	0.095	2	0.191	0.095	2	0.686	0.55	1.2	0.907	0.86	1.1	122632	88977	33655	125948	91958	33990	-335	-0.01
2244	 Intelligence and Policy Analysts	4.8	2945	4675	0.39	0.61	0.048	0.012	4	0.048	0.012	4	0.565	0.396	1.4	0.922	0.874	1.1	82031	72332	9699	87071	72249	14822	-5123	-0.528
2245	 Land Economists and Valuers	6.6	3705	920	0.8	0.2	0.069	0.011	6.3	0.069	0.011	6.3	0.511	0.245	2.1	0.885	0.772	1.1	88504	64949	23554	89628	63627	26000	-2446	-0.104
2246	 Librarians	1.6	1620	9770	0.14	0.86	0.006	0.005	1.2	0.006	0.005	1.2	0.235	0.167	1.4	0.849	0.762	1.1	61445	53086	8359	62279	52735	9543	-1184	-0.142
2247	 Management and Organisation Analysts	3.4	21380	17465	0.55	0.45	0.051	0.022	2.3	0.051	0.022	2.3	0.543	0.407	1.3	0.917	0.872	1.1	89681	75370	14311	90983	75791	15192	-881	-0.062
2249	 Other Information and Organisation Professionals	3.3	3040	4625	0.4	0.6	0.02	0.008	2.6	0.02	0.008	2.6	0.24	0.131	1.8	0.592	0.523	1.1	52639	47276	5363	46118	36551	9567	-4204	-0.784
2251	 Advertising and Marketing Professionals	5.4	14255	21625	0.4	0.6	0.059	0.014	4.2	0.059	0.014	4.2	0.372	0.182	2	0.811	0.722	1.1	81533	58978	22554	79069	55438	23632	-1077	-0.048
2252	 ICT Sales Professionals	5.1	11780	3975	0.75	0.25	0.124	0.054	2.3	0.124	0.054	2.3	0.538	0.358	1.5	0.866	0.767	1.1	99709	75846	23864	103595	76263	27332	-3468	-0.145
2253	 Public Relations Professionals	3	4195	11545	0.27	0.73	0.045	0.021	2.1	0.045	0.021	2.1	0.393	0.261	1.5	0.824	0.767	1.1	78996	64197	14799	76430	62140	14290	509	0.034
2254	 Technical Sales Representatives	2.5	19590	8940	0.69	0.31	0.021	0.013	1.6	0.021	0.013	1.6	0.324	0.268	1.2	0.876	0.745	1.2	70517	61782	8735	72744	61425	11319	-2583	-0.296
2311	 Air Transport Professionals	8.1	13080	1190	0.92	0.08	0.208	0.046	4.5	0.208	0.046	4.5	0.647	0.361	1.8	0.893	0.769	1.2	116906	78891	38015	125636	77716	47921	-9906	-0.261
2312	 Marine Transport Professionals	7.6	9865	330	0.97	0.03	0.205	0.061	3.4	0.205	0.061	3.4	0.66	0.409	1.6	0.899	0.788	1.1	95058	66131	28928	117927	79438	38489	-9562	-0.331
2321	 Architects and Landscape Architects	3.9	12395	5370	0.7	0.3	0.054	0.021	2.5	0.054	0.021	2.5	0.382	0.183	2.1	0.808	0.708	1.1	77604	57398	20206	71087	52120	18967	1239	0.061
2322	 Cartographers and Surveyors	6.8	10880	1205	0.9	0.1	0.047	0.008	5.7	0.047	0.008	5.7	0.528	0.253	2.1	0.901	0.772	1.2	78435	60831	17604	85538	60846	24692	-7088	-0.403
2323	" Fashion, Industrial and Jewellery Designers"	2.3	3095	4130	0.43	0.57	0.021	0.018	1.2	0.021	0.018	1.2	0.296	0.148	2	0.809	0.662	1.2	68510	54432	14078	66291	50596	15695	-1616	-0.115
2324	" Graphic and Web Designers, and Illustrators"	3.4	16295	15150	0.52	0.48	0.009	0.003	2.6	0.009	0.003	2.6	0.171	0.082	2.1	0.758	0.626	1.2	55615	48157	7458	53242	42209	11033	-3575	-0.479
2325	 Interior Designers	3.5	785	3900	0.17	0.83	0.025	0.01	2.5	0.025	0.01	2.5	0.248	0.117	2.1	0.79	0.651	1.2	65703	50935	14768	60347	44763	15584	-816	-0.055
2326	 Urban and Regional Planners	4.6	5170	4180	0.55	0.45	0.049	0.019	2.6	0.049	0.019	2.6	0.536	0.312	1.7	0.924	0.841	1.1	82926	67460	15466	88395	67970	20426	-4960	-0.321
2330	 Engineering Professionals	6.1	770	85	0.9	0.1	0.123	0.059	2.1	0.123	0.059	2.1	0.636	0.471	1.4	0.851	0.765	1.1	94200	74219	19981	100285	68404	31880	-11899	-0.596
2331	 Chemical and Materials Engineers	6.3	6180	1840	0.77	0.23	0.173	0.06	2.9	0.173	0.06	2.9	0.658	0.478	1.4	0.894	0.832	1.1	103700	80291	23409	114296	83625	30671	-7262	-0.31
2332	 Civil Engineering Professionals	6.7	40165	5195	0.89	0.11	0.119	0.029	4.1	0.119	0.029	4.1	0.603	0.368	1.6	0.896	0.806	1.1	98237	72389	25847	104592	73794	30797	-4950	-0.192
2333	 Electrical Engineers	5.7	21665	1450	0.94	0.06	0.096	0.028	3.5	0.096	0.028	3.5	0.675	0.466	1.5	0.918	0.848	1.1	95685	75883	19802	104901	80086	24815	-5013	-0.253
2334	 Electronics Engineers	2.7	6510	390	0.94	0.06	0.043	0.026	1.7	0.043	0.026	1.7	0.541	0.385	1.4	0.898	0.821	1.1	83046	69801	13245	86217	72004	14213	-968	-0.073
2335	" Industrial, Mechanical and Production Engineers"	3.9	36215	2185	0.94	0.06	0.082	0.041	2	0.082	0.041	2	0.548	0.391	1.4	0.897	0.817	1.1	85762	70151	15611	94776	75686	19090	-3479	-0.223
2336	 Mining Engineers	6.3	8705	890	0.91	0.09	0.334	0.174	1.9	0.334	0.174	1.9	0.82	0.702	1.2	0.935	0.876	1.1	145954	111828	34127	157022	117112	39909	-5783	-0.169
2339	 Other Engineering Professionals	5.6	27675	3595	0.89	0.11	0.134	0.058	2.3	0.134	0.058	2.3	0.633	0.438	1.4	0.909	0.834	1.1	94326	75433	18894	107736	80727	27009	-8115	-0.43
2340	 Natural and Physical Science Professionals	3.3	130	80	0.62	0.38	0.038	0.063	0.6	0.038	0.063	0.6	0.654	0.375	1.7	0.923	0.75	1.2	83413	62198	21215	85035	60743	24292	-3077	-0.145
2341	 Agricultural and Forestry Scientists	4.9	6410	2325	0.73	0.27	0.026	0.006	4	0.026	0.006	4	0.414	0.241	1.7	0.867	0.755	1.1	72531	57742	14789	74454	56552	17902	-3113	-0.211
2342	" Chemists, and Food and Wine Scientists"	4.2	7075	5675	0.55	0.45	0.038	0.013	2.9	0.038	0.013	2.9	0.425	0.226	1.9	0.838	0.75	1.1	78086	60522	17564	77014	58147	18867	-1303	-0.074
2343	 Environmental Scientists	3.1	15285	10355	0.6	0.4	0.034	0.016	2.1	0.034	0.016	2.1	0.386	0.259	1.5	0.856	0.769	1.1	73204	63135	10069	75019	62332	12687	-2618	-0.26
2344	 Geologists and Geophysicists	7	8830	2895	0.75	0.25	0.238	0.076	3.1	0.238	0.076	3.1	0.729	0.575	1.3	0.908	0.853	1.1	120712	87953	32759	129865	91980	37886	-5127	-0.157
2345	 Life Scientists	3.8	6685	8265	0.45	0.55	0.026	0.009	2.9	0.026	0.009	2.9	0.401	0.207	1.9	0.832	0.74	1.1	73444	57895	15549	72861	56701	16160	-611	-0.039
2346	 Medical Laboratory Scientists	5.2	3965	8475	0.32	0.68	0.028	0.008	3.6	0.028	0.008	3.6	0.426	0.208	2	0.892	0.792	1.1	76738	58827	17911	80374	59031	21343	-3432	-0.192
2347	 Veterinarians	4.3	2785	4535	0.38	0.62	0.066	0.019	3.5	0.066	0.019	3.5	0.515	0.232	2.2	0.856	0.748	1.1	75159	57424	17735	73319	55518	17802	-67	-0.004
2349	 Other Natural and Physical Science Professionals	7.1	5455	2335	0.7	0.3	0.104	0.021	4.8	0.104	0.021	4.8	0.607	0.302	2	0.878	0.764	1.1	99009	67965	31044	98339	64736	33603	-2559	-0.082
2400	 Education Professionals	2.1	950	2090	0.31	0.69	0.005	0.002	2.2	0.005	0.002	2.2	0.274	0.191	1.4	0.684	0.639	1.1	62420	54590	7829	53485	47609	5876	1953	0.249
2410	 School Teachers	2	240	515	0.32	0.68	0.021	0.01	2.1	0.021	0.01	2.1	0.271	0.165	1.6	0.604	0.563	1.1	67358	56645	10713	46747	41453	5294	5420	0.506
2411	 Early Childhood (Pre-primary School) Teachers	2.3	510	18015	0.03	0.97	0.01	0.004	2.5	0.01	0.004	2.5	0.176	0.09	2	0.667	0.6	1.1	57298	46669	10629	49037	42946	6091	4538	0.427
2412	 Primary School Teachers	1.4	20365	122010	0.14	0.86	0.003	0.003	0.9	0.003	0.003	0.9	0.285	0.19	1.5	0.842	0.745	1.1	66919	58206	8713	65520	55285	10235	-1522	-0.175
2413	 Middle School Teachers (Aus) / Intermediate School Teachers (NZ)	1.3	2140	6040	0.26	0.74	0.002	0.005	0.5	0.002	0.005	0.5	0.294	0.203	1.5	0.829	0.739	1.1	65267	55534	9733	64838	54720	10118	-385	-0.04
2414	 Secondary School Teachers	1.2	53350	83715	0.39	0.61	0.003	0.004	0.8	0.003	0.004	0.8	0.372	0.268	1.4	0.863	0.799	1.1	70345	62655	7690	70137	61162	8975	-1285	-0.167
2415	 Special Education Teachers	0.6	2075	10995	0.16	0.84	0.002	0.003	0.8	0.002	0.003	0.8	0.217	0.176	1.2	0.742	0.67	1.1	60529	54148	6381	56594	51232	5362	1019	0.16
2419	" Teacher - other school, ATO"	1.3	12705	42260	0.23	0.77	0.006	0.009	0.6	0.006	0.009	0.6	0.309	0.221	1.4	0.774	0.7	1.1	62884	54268	8616	61297	51528	9770	-1154	-0.134
2421	 University Lecturers and Tutors	3.4	29845	25350	0.54	0.46	0.071	0.029	2.4	0.071	0.029	2.4	0.489	0.366	1.3	0.684	0.629	1.1	83849	67649	16199	75008	59226	15783	417	0.026
2422	 Vocational Education Teachers (Aus) / Polytechnic Teachers (NZ)	1.5	13390	14315	0.48	0.52	0.006	0.005	1.1	0.006	0.005	1.1	0.299	0.192	1.6	0.748	0.635	1.2	63179	54920	8260	57029	47373	9655	-1395	-0.169
2491	 Education Advisers and Reviewers	2	3155	7700	0.29	0.71	0.019	0.009	2.1	0.019	0.009	2.1	0.312	0.238	1.3	0.705	0.666	1.1	66791	58622	8169	58599	52211	6388	1781	0.218
2492	 Private Tutors and Teachers	0.6	3715	8770	0.3	0.7	0.003	0.003	0.8	0.003	0.003	0.8	0.096	0.074	1.3	0.494	0.429	1.2	43091	38452	4639	35245	30631	4614	24	0.005
2493	 Teachers of English to Speakers of Other Languages	1.5	875	2685	0.25	0.75	0.006	0.004	1.5	0.006	0.004	1.5	0.12	0.108	1.1	0.64	0.574	1.1	47448	46195	1254	45311	41474	3838	-2584	-2.061
2511	 Dietitians	3.5	235	4175	0.05	0.95	0.021	0.006	3.6	0.021	0.006	3.6	0.234	0.121	1.9	0.787	0.668	1.2	61205	49269	11936	57573	46476	11097	838	0.07
2512	 Medical Imaging Professionals	5.2	4300	9800	0.3	0.7	0.027	0.008	3.5	0.027	0.008	3.5	0.598	0.334	1.8	0.914	0.82	1.1	88899	66798	22101	90778	66876	23902	-1801	-0.081
2513	 Occupational and Environmental Health Professionals	6.5	7305	4525	0.62	0.38	0.092	0.028	3.3	0.092	0.028	3.3	0.61	0.35	1.7	0.942	0.843	1.1	86245	67051	19194	101135	72863	28272	-9077	-0.473
2514	 Optometrists and Orthoptists	4.6	1720	2455	0.41	0.59	0.087	0.018	4.8	0.087	0.018	4.8	0.584	0.334	1.7	0.89	0.778	1.1	75358	59253	16106	75401	59311	16089	16	0.001
2515	 Pharmacists	3	6915	13315	0.34	0.66	0.05	0.018	2.8	0.05	0.018	2.8	0.388	0.238	1.6	0.797	0.719	1.1	68351	60304	8047	63476	54424	9052	-1005	-0.125
2519	 Other Health Diagnostic and Promotion Professionals	3.4	965	3115	0.24	0.76	0.021	0.006	3.2	0.021	0.006	3.2	0.207	0.108	1.9	0.736	0.64	1.1	59397	49839	9559	57611	47019	10592	-1033	-0.108
2521	 Chiropractors and Osteopaths	3.2	1395	1120	0.55	0.45	0.043	0.018	2.4	0.043	0.018	2.4	0.333	0.232	1.4	0.753	0.598	1.3	61763	47210	14553	53698	39938	13760	793	0.054
2522	 Complementary Health Therapists	2.2	535	2380	0.18	0.82	0.009	0.004	2.2	0.009	0.004	2.2	0.103	0.055	1.9	0.505	0.376	1.3	42732	37565	5167	35241	29264	5977	-810	-0.157
2523	 Dental Practitioners	4	4545	3610	0.56	0.44	0.265	0.13	2	0.265	0.13	2	0.722	0.587	1.2	0.912	0.841	1.1	114230	90153	24077	103607	80384	23223	854	0.035
2524	 Occupational Therapists	3.9	1100	12145	0.08	0.92	0.014	0.006	2.4	0.014	0.006	2.4	0.245	0.125	2	0.836	0.676	1.2	59987	49691	10296	63540	48371	15169	-4874	-0.473
2525	 Physiotherapists	2.5	5060	12750	0.28	0.72	0.018	0.011	1.6	0.018	0.011	1.6	0.321	0.165	1.9	0.83	0.698	1.2	61580	48478	13103	61771	47963	13808	-705	-0.054
2526	 Podiatrists	3.1	900	1460	0.38	0.62	0.033	0.01	3.2	0.033	0.01	3.2	0.311	0.171	1.8	0.811	0.712	1.1	61039	48739	12300	55001	45802	9199	3101	0.252
2527	 Speech Professionals and Audiologists	5.2	705	7160	0.09	0.91	0.021	0.008	2.8	0.021	0.008	2.8	0.482	0.163	3	0.879	0.696	1.3	75529	51853	23676	75975	49716	26259	-2583	-0.109
2531	 Generalist Medical Practitioners	5.4	12565	10865	0.54	0.46	0.341	0.166	2.1	0.341	0.166	2.1	0.763	0.609	1.3	0.937	0.889	1.1	132033	94281	37753	125828	91643	34185	3568	0.095
2532	 Anaesthetists	5.1	2120	895	0.7	0.3	0.774	0.553	1.4	0.774	0.553	1.4	0.929	0.838	1.1	0.976	0.95	1	214840	147336	67504	217731	159119	58612	8892	0.132
2533	 Internal Medicine Specialists	5.6	4900	2625	0.65	0.35	0.676	0.37	1.8	0.676	0.37	1.8	0.899	0.733	1.2	0.964	0.92	1	185104	123493	61611	196276	133917	62359	-748	-0.012
2534	 Psychiatrists	6.1	1490	1120	0.57	0.43	0.584	0.308	1.9	0.584	0.308	1.9	0.866	0.71	1.2	0.963	0.906	1.1	159794	112800	46994	172916	121595	51320	-4326	-0.092
2535	 Surgeons	5.4	3020	550	0.85	0.15	0.652	0.391	1.7	0.652	0.391	1.7	0.892	0.782	1.1	0.962	0.918	1	205877	138251	67626	197284	140404	56880	10746	0.159
2539	 Other Medical Practitioners	5.9	16015	14440	0.53	0.47	0.378	0.166	2.3	0.378	0.166	2.3	0.746	0.54	1.4	0.917	0.842	1.1	153439	94378	59061	153297	99100	54197	4864	0.082
2541	 Midwives	4.9	270	16060	0.02	0.98	0.019	0.004	5	0.019	0.004	5	0.333	0.164	2	0.833	0.767	1.1	69886	56359	13527	71172	55328	15845	-2318	-0.171
2542	 Nurse Educators and Researchers	2.1	595	5410	0.1	0.9	0.008	0.006	1.5	0.008	0.006	1.5	0.345	0.21	1.6	0.849	0.767	1.1	69002	57730	11272	69653	58332	11322	-50	-0.004
2543	 Nurse Managers	2.5	735	3585	0.17	0.83	0.02	0.01	2.1	0.02	0.01	2.1	0.497	0.393	1.3	0.891	0.856	1	78115	70266	7849	80169	71131	9038	-1189	-0.151
2544	 Registered Nurses	1.7	28705	252515	0.1	0.9	0.003	0.003	1.1	0.003	0.003	1.1	0.26	0.141	1.8	0.828	0.707	1.2	64344	52518	11827	64423	51724	12698	-872	-0.074
2600	 ICT Professionals	5.5	85	30	0.74	0.26	0.059	0.167	0.4	0.059	0.167	0.4	0.529	0.5	1.1	0.824	0.667	1.2	81412	66034	15378	87026	47830	39196	-23818	-1.549
2611	 ICT Business and Systems Analysts	3.4	18990	7360	0.72	0.28	0.05	0.024	2.1	0.05	0.024	2.1	0.601	0.457	1.3	0.918	0.869	1.1	92091	79103	12988	93637	78260	15377	-2390	-0.184
2612	 Multimedia Specialists and Web Developers	2.7	6145	1110	0.85	0.15	0.008	0.005	1.8	0.008	0.005	1.8	0.295	0.18	1.6	0.797	0.689	1.2	62644	56297	6348	63177	52840	10338	-3990	-0.629
2613	 Software and Applications Programmers	3.4	57005	12040	0.83	0.17	0.037	0.018	2.1	0.037	0.018	2.1	0.547	0.385	1.4	0.884	0.814	1.1	86960	74106	12854	85819	70361	15458	-2604	-0.203
2621	" Database and Systems Administrators, and ICT Security Specialists"	5.5	18600	7355	0.72	0.28	0.046	0.018	2.5	0.046	0.018	2.5	0.543	0.265	2	0.917	0.772	1.2	86277	64140	22137	89279	61533	27745	-5608	-0.253
2631	 Computer Network Professionals	2.4	21145	2005	0.91	0.09	0.033	0.025	1.3	0.033	0.025	1.3	0.489	0.349	1.4	0.905	0.828	1.1	81048	69095	11953	84716	70494	14222	-2269	-0.19
2632	 ICT Support and Test Engineers	3.4	15690	2535	0.86	0.14	0.017	0.006	2.9	0.017	0.006	2.9	0.396	0.318	1.2	0.883	0.819	1.1	74001	68398	5603	76066	66641	9425	-3823	-0.682
2633	 Telecommunications Engineering Professionals	4.1	5135	535	0.91	0.09	0.044	0.019	2.3	0.044	0.019	2.3	0.624	0.439	1.4	0.921	0.869	1.1	91258	78289	12970	93595	75854	17741	-4771	-0.368
2711	 Barristers	7	755	685	0.52	0.48	0.318	0.08	4	0.318	0.08	4	0.589	0.226	2.6	0.735	0.394	1.9	97890	60396	37493	81299	42270	39029	-1536	-0.041
2712	 Judicial and Other Legal Professionals	5.7	1385	1260	0.52	0.48	0.61	0.298	2	0.61	0.298	2	0.773	0.44	1.8	0.917	0.762	1.2	178718	94609	84110	207312	124561	82751	1358	0.016
2713	 Solicitors	4.2	20475	26865	0.43	0.57	0.2	0.089	2.2	0.2	0.089	2.2	0.64	0.499	1.3	0.908	0.885	1	112881	88544	24337	112285	89218	23067	1271	0.052
2721	 Counsellors	1.2	3515	9910	0.26	0.74	0.009	0.006	1.5	0.009	0.006	1.5	0.141	0.113	1.2	0.637	0.591	1.1	51776	47327	4449	47944	43943	4001	448	0.101
2722	 Ministers of Religion	1.3	12110	4270	0.74	0.26	0.002	0.001	1.4	0.002	0.001	1.4	0.028	0.023	1.2	0.249	0.173	1.4	33311	27961	5349	27539	21872	5667	-318	-0.059
2723	 Psychologists	3.4	3535	13485	0.21	0.79	0.033	0.011	2.8	0.033	0.011	2.8	0.412	0.246	1.7	0.835	0.747	1.1	68263	55396	12867	66302	53210	13092	-225	-0.017
2724	 Social Professionals	2.1	2405	4390	0.35	0.65	0.01	0.006	1.8	0.01	0.006	1.8	0.162	0.098	1.7	0.584	0.47	1.2	52377	42273	10104	40418	31715	8703	1401	0.139
2725	 Social Workers	0.5	6870	28490	0.19	0.81	0.003	0.003	1	0.003	0.003	1	0.154	0.127	1.2	0.699	0.664	1.1	54945	50828	4116	52486	49062	3425	692	0.168
2726	" Welfare, Recreation and Community Arts Workers"	1.3	1925	5975	0.24	0.76	0.003	0.002	1.6	0.003	0.002	1.6	0.119	0.073	1.6	0.605	0.548	1.1	49858	45254	4604	46486	42061	4425	179	0.039
3111	 Agricultural Technicians	2	1305	475	0.73	0.27	0.004	0.011	0.4	0.004	0.011	0.4	0.13	0.063	2.1	0.732	0.568	1.3	54256	43259	10997	52876	39052	13824	-2827	-0.257
3112	 Medical Technicians	4.5	6575	18735	0.26	0.74	0.011	0.002	5	0.011	0.002	5	0.138	0.046	3	0.732	0.54	1.4	55007	42357	12650	52995	39304	13691	-1042	-0.082
3113	 Primary Products Inspectors	2.5	3245	1695	0.66	0.34	0.017	0.009	1.9	0.017	0.009	1.9	0.299	0.174	1.7	0.889	0.811	1.1	65408	57443	7965	68822	58992	9829	-1864	-0.234
3114	 Science Technicians	2.7	8435	8495	0.5	0.5	0.005	0.004	1.5	0.005	0.004	1.5	0.198	0.071	2.8	0.768	0.637	1.2	57362	46382	10980	57468	43737	13731	-2750	-0.25
3120	 Building and Engineering Technicians	4.4	120	30	0.8	0.2	0.25	0.167	1.5	0	0	#DIV/0!	0.25	0.167	1.5	0.833	0.667	1.3	58963	47391	11572	62019	39953	22066	-10495	-0.907
3121	" Architectural, Building and Surveying Technicians"	7.8	37455	4360	0.9	0.1	0.043	0.005	9.5	0.043	0.005	9.5	0.401	0.114	3.5	0.864	0.659	1.3	76567	50394	26173	77622	47995	29627	-3454	-0.132
3122	 Civil Engineering Draftspersons and Technicians	6.1	8360	1295	0.87	0.13	0.026	0.004	6.8	0.026	0.004	6.8	0.361	0.158	2.3	0.858	0.737	1.2	70690	55798	14892	72779	53616	19163	-4271	-0.287
3123	 Electrical Engineering Draftspersons and Technicians	6.8	10100	650	0.94	0.06	0.04	0.008	5.1	0.04	0.008	5.1	0.499	0.169	2.9	0.885	0.723	1.2	77977	52165	25812	83585	54106	29479	-3668	-0.142
3124	 Electronic Engineering Draftspersons and Technicians	3	5805	270	0.96	0.04	0.016	0.019	0.9	0.016	0.019	0.9	0.333	0.111	3	0.878	0.741	1.2	67580	51866	15714	70270	49609	20661	-4947	-0.315
3125	 Mechanical Engineering Draftspersons and Technicians	4.2	9000	330	0.96	0.04	0.031	0.015	2.1	0.031	0.015	2.1	0.407	0.227	1.8	0.886	0.773	1.1	72977	57615	15362	78614	58314	20300	-4938	-0.321
3126	 Safety Inspectors	4.4	6935	1515	0.82	0.18	0.08	0.033	2.4	0.08	0.033	2.4	0.579	0.416	1.4	0.918	0.835	1.1	84899	72444	12454	95920	77677	18244	-5789	-0.465
3129	 Other Building and Engineering Technicians	7.7	21410	1300	0.94	0.06	0.126	0.027	4.7	0.126	0.027	4.7	0.638	0.396	1.6	0.912	0.827	1.1	95405	67854	27551	111006	75846	35160	-7609	-0.276
3131	 ICT Support Technicians	2.4	21395	6655	0.76	0.24	0.011	0.005	2.5	0.011	0.005	2.5	0.165	0.124	1.3	0.766	0.699	1.1	58592	53841	4751	56652	51010	5642	-891	-0.188
3132	 Telecommunications Technical Specialists	5	6500	650	0.91	0.09	0.022	0.008	2.9	0.022	0.008	2.9	0.503	0.2	2.5	0.922	0.792	1.2	74120	60947	13173	79611	59417	20194	-7020	-0.533
3211	 Automotive Electricians	2.7	6580	60	0.99	0.01	0.352	0.25	1.4	0	0	#DIV/0!	0.352	0.25	1.4	0.831	0.75	1.1	61934	42462	19472	73043	55929	17114	2358	0.121
3212	 Motor Mechanics	2.8	89970	495	0.99	0.01	0.01	0.01	1	0.01	0.01	1	0.243	0.101	2.4	0.784	0.535	1.5	59051	42531	16520	64233	44394	19839	-3319	-0.201
3221	" Metal Casting, Forging and Finishing Trades Workers"	1.9	1270	50	0.96	0.04	0.067	0.1	0.7	0	0	#DIV/0!	0.067	0.1	0.7	0.657	0.5	1.3	46663	37391	9272	45145	32693	12452	-3180	-0.343
3222	 Sheetmetal Trades Workers	4.2	9680	75	0.99	0.01	0.177	0.067	2.6	0	0	#DIV/0!	0.177	0.067	2.6	0.808	0.6	1.3	57080	43475	13605	58424	40874	17550	-3945	-0.29
3223	 Structural Steel and Welding Trades Workers	4.1	76040	520	0.99	0.01	0.019	0.01	2	0.019	0.01	2	0.308	0.135	2.3	0.817	0.625	1.3	64747	45721	19026	69555	47821	21734	-2708	-0.142
3231	 Aircraft Maintenance Engineers	5.2	10590	190	0.98	0.02	0.507	0.211	2.4	0	0	#DIV/0!	0.507	0.211	2.4	0.928	0.789	1.2	83727	62185	21542	87893	61668	26225	-4682	-0.217
3232	 Metal Fitters and Machinists	6.3	71135	555	0.99	0.01	0.022	0.009	2.4	0.022	0.009	2.4	0.475	0.144	3.3	0.9	0.622	1.4	76337	45660	30677	84024	48832	35192	-4515	-0.147
3233	 Precision Metal Trades Workers	4	2895	215	0.93	0.07	0.083	0.023	3.6	0	0	#DIV/0!	0.083	0.023	3.6	0.717	0.512	1.4	48836	39765	9072	48051	35822	12229	-3158	-0.348
3234	 Toolmakers and Engineering Patternmakers	3.6	3940	35	0.99	0.01	0.009	0.143	0.1	0.009	0.143	0.1	0.195	0.143	1.4	0.871	0.714	1.2	60469	40497	19972	61505	36248	25257	-5285	-0.265
3241	 Panelbeaters	0	11160	30	1	0	0.006	0.167	0	0.006	0.167	0	0.11	0.333	0.3	0.717	0.5	1.4	50681	49563	1117	50559	52856	-2297	3414	3.056
3242	 Vehicle Body Builders and Trimmers	4.9	3060	85	0.97	0.03	0.131	0.059	2.2	0	0	#DIV/0!	0.131	0.059	2.2	0.784	0.529	1.5	53211	38054	15156	54965	32436	22528	-7372	-0.486
3243	 Vehicle Painters	2.7	6470	110	0.98	0.02	0.087	0.045	1.9	0	0	#DIV/0!	0.087	0.045	1.9	0.709	0.5	1.4	49483	34738	14745	50262	36670	13591	1154	0.078
3311	 Bricklayers and Stonemasons	2.6	10885	40	1	0	0.111	0.125	0.9	0	0	#DIV/0!	0.111	0.125	0.9	0.588	0.5	1.2	46806	32516	14290	44818	26801	18017	-3727	-0.261
3312	 Carpenters and Joiners	3.3	69390	315	1	0	0.008	0.016	0.5	0.008	0.016	0.5	0.202	0.063	3.2	0.7	0.444	1.6	52739	38958	13781	54219	33291	20928	-7147	-0.519
3321	 Floor Finishers	1.3	3235	60	0.98	0.02	0.087	0.083	1	0	0	#DIV/0!	0.087	0.083	1	0.581	0.333	1.7	42493	34134	8359	41022	31633	9389	-1030	-0.123
3322	 Painting Trades Workers	1.9	15730	575	0.96	0.04	0.004	0.009	0.5	0.004	0.009	0.5	0.081	0.035	2.3	0.565	0.296	1.9	43107	35171	7936	38487	26354	12133	-4197	-0.529
3331	 Glaziers	4.7	7425	75	0.99	0.01	0.744	0.4	1.9	0	0	#DIV/0!	0.086	0	#DIV/0!	0.744	0.4	1.9	51131	39688	11443	50161	28300	21861	-10418	-0.911
3332	 Plasterers	4.4	13450	95	0.99	0.01	0.133	0.053	2.5	0	0	#DIV/0!	0.133	0.053	2.5	0.616	0.316	2	45517	32801	12716	44480	26243	18237	-5521	-0.434
3333	 Roof Tilers	7	3425	50	0.99	0.01	0.499	0.1	5	0	0	#DIV/0!	0.076	0	#DIV/0!	0.499	0.1	5	41651	43443	-1792	38338	11408	26930	-28722	16.031
3334	 Wall and Floor Tilers	2.9	5125	125	0.98	0.02	0.065	0.04	1.6	0	0	#DIV/0!	0.065	0.04	1.6	0.495	0.24	2.1	40929	30315	10614	36280	22294	13986	-3371	-0.318
3341	 Plumbers	3.5	46825	130	1	0	0.01	0.038	0.3	0.01	0.038	0.3	0.248	0.154	1.6	0.772	0.538	1.4	57108	43673	13435	59396	37786	21609	-8174	-0.608
3411	 Electricians	3.3	97840	790	0.99	0.01	0.032	0.013	2.5	0.032	0.013	2.5	0.493	0.323	1.5	0.876	0.797	1.1	76626	62136	14489	83082	69265	13817	672	0.046
3421	 Airconditioning and Refrigeration Mechanics	3.6	14640	55	1	0	0.276	0.091	3	0	0	#DIV/0!	0.276	0.091	3	0.823	0.727	1.1	62667	45205	17462	65602	51435	14167	3295	0.189
3422	 Electrical Distribution Trades Workers	8.9	10875	170	0.98	0.02	0.636	0.088	7.2	0	0	#DIV/0!	0.636	0.088	7.2	0.941	0.647	1.5	85313	49309	36004	92049	47238	44811	-8807	-0.245
3423	 Electronics Trades Workers	2.3	26625	2860	0.9	0.1	0.024	0.014	1.7	0.024	0.014	1.7	0.284	0.203	1.4	0.788	0.719	1.1	64357	57308	7049	65909	56811	9098	-2049	-0.291
3424	 Telecommunications Trades Workers	4.3	13830	490	0.97	0.03	0.339	0.133	2.6	0	0	#DIV/0!	0.339	0.133	2.6	0.838	0.633	1.3	66148	50603	15545	68203	49017	19186	-3641	-0.234
3511	 Bakers and Pastrycooks	2.8	13990	4730	0.75	0.25	0.002	0.001	2	0.002	0.001	2	0.034	0.015	2.3	0.644	0.406	1.6	44437	36731	7706	42207	31572	10636	-2930	-0.38
3512	 Butchers and Smallgoods Makers	1.4	16145	845	0.95	0.05	0.002	0.006	0.4	0.002	0.006	0.4	0.044	0.018	2.5	0.672	0.456	1.5	46659	36486	10172	44731	33646	11085	-912	-0.09
3513	 Chefs	3.5	58575	18840	0.76	0.24	0.002	0.001	4	0.002	0.001	4	0.056	0.022	2.6	0.586	0.462	1.3	44925	38843	6083	43228	35587	7641	-1559	-0.256
3514	 Cooks	0.8	17280	17650	0.49	0.51	0.001	0.001	0.7	0.001	0.001	0.7	0.019	0.009	2.1	0.377	0.297	1.3	32523	32046	477	31973	28289	3683	-3206	-6.727
3611	 Animal Attendants and Trainers	4.6	2855	5535	0.34	0.66	0.005	0.001	5.8	0.005	0.001	5.8	0.079	0.015	5.1	0.564	0.345	1.6	47530	35671	11859	41818	29552	12266	-407	-0.034
3612	 Shearers	8.6	5645	1605	0.78	0.22	0.044	0.003	14.2	0	0	#DIV/0!	0.044	0.003	14.2	0.5	0.031	16.1	40764	30948	9816	38374	12860	25514	-15698	-1.599
3613	 Veterinary Nurses	2	245	8700	0.03	0.97	0.041	0.016	2.5	0	0	#DIV/0!	0.041	0.016	2.5	0.469	0.42	1.1	35996	35404	592	34934	33006	1927	-1335	-2.255
3621	 Florists	3.9	215	3285	0.06	0.94	0.07	0.011	6.5	0	0	#DIV/0!	0.07	0.011	6.5	0.442	0.253	1.7	37813	31074	6740	30657	25191	5466	1273	0.189
3622	 Gardeners	2	30635	3630	0.89	0.11	0.002	0.001	1.4	0.002	0.001	1.4	0.046	0.022	2.1	0.594	0.431	1.4	42869	36807	6063	40514	31704	8810	-2748	-0.453
3623	 Greenkeepers	2.5	12390	490	0.96	0.04	0.034	0.02	1.7	0	0	#DIV/0!	0.034	0.02	1.7	0.656	0.418	1.6	43558	35636	7922	42160	31195	10965	-3043	-0.384
3624	 Nurserypersons	2.2	2805	2420	0.54	0.46	0.007	0.004	1.7	0.007	0.004	1.7	0.066	0.029	2.3	0.561	0.37	1.5	43069	34136	8933	39686	30156	9530	-597	-0.067
3911	 Hairdressers	3.8	3845	29880	0.11	0.89	0.004	0.001	5.8	0.004	0.001	5.8	0.04	0.011	3.7	0.451	0.271	1.7	38152	31840	6312	33394	27102	6292	20	0.003
3920	 Printing Trades Workers	5.1	120	10	0.92	0.08	0.792	0.5	1.6	0	0	#DIV/0!	0	0	#DIV/0!	0.792	0.5	1.6	54620	40026	14594	55366	28014	27352	-12759	-0.874
3921	" Binders, Finishers and Screen Printers"	2.9	3795	1200	0.76	0.24	0.005	0.004	1.3	0.005	0.004	1.3	0.132	0.025	5.3	0.769	0.442	1.7	56754	38637	18117	52990	33709	19281	-1164	-0.064
3922	 Graphic Pre-press Trades Workers	2.3	1700	970	0.64	0.36	0.009	0.005	1.7	0.009	0.005	1.7	0.191	0.077	2.5	0.835	0.66	1.3	59054	46464	12590	56836	45547	11289	1301	0.103
3923	 Printers	3.3	7775	685	0.92	0.08	0.01	0.007	1.4	0.01	0.007	1.4	0.221	0.058	3.8	0.849	0.606	1.4	63060	43385	19675	61172	39922	21250	-1575	-0.08
3931	 Canvas and Leather Goods Makers	1	955	215	0.82	0.18	0.047	0.047	1	0	0	#DIV/0!	0.047	0.047	1	0.592	0.395	1.5	42451	35613	6838	39596	32212	7384	-546	-0.08
3932	 Clothing Trades Workers	3.7	635	2435	0.21	0.79	0.008	0.002	3.8	0.008	0.002	3.8	0.063	0.037	1.7	0.614	0.417	1.5	45999	38378	7621	41618	31968	9651	-2030	-0.266
3933	 Upholsterers	0.9	1800	255	0.88	0.12	0.003	0.02	0.1	0.003	0.02	0.1	0.036	0.039	0.9	0.653	0.451	1.4	43240	36011	7229	41063	33757	7306	-77	-0.011
3941	 Cabinetmakers	3.8	17935	350	0.98	0.02	0.058	0.029	2	0	0	#DIV/0!	0.058	0.029	2	0.66	0.371	1.8	46107	36957	9150	45290	29879	15410	-6260	-0.684
3942	 Wood Machinists and Other Wood Trades Workers	4.2	3465	365	0.9	0.1	0.039	0.014	2.8	0	0	#DIV/0!	0.039	0.014	2.8	0.69	0.315	2.2	44808	33886	10922	43857	28046	15811	-4889	-0.448
3991	 Boat Builders and Shipwrights	2.5	2670	40	0.99	0.01	0.013	0.125	0.1	0.013	0.125	0.1	0.15	0.25	0.6	0.702	0.5	1.4	49250	38929	10321	52978	37169	15810	-5489	-0.532
3992	" Chemical, Gas, Petroleum and Power Generation Plant Operators"	5.1	10885	440	0.96	0.04	0.097	0.034	2.9	0.097	0.034	2.9	0.688	0.511	1.3	0.949	0.864	1.1	94694	74075	20619	109261	85204	24057	-3438	-0.167
3993	" Gallery, Library and Museum Technicians"	3.4	1095	5340	0.17	0.83	0.005	0.001	4.9	0.005	0.001	4.9	0.037	0.026	1.4	0.694	0.602	1.2	47256	41553	5702	45552	40112	5440	262	0.046
3994	 Jewellers	3.1	1545	750	0.67	0.33	0.016	0.007	2.4	0.016	0.007	2.4	0.136	0.067	2	0.693	0.527	1.3	48991	40226	8765	45376	34412	10964	-2198	-0.251
3995	 Performing Arts Technicians	4.6	8115	2355	0.78	0.22	0.008	0.002	3.8	0.008	0.002	3.8	0.189	0.062	3.1	0.702	0.448	1.6	55827	44341	11486	51658	36295	15363	-3877	-0.338
3996	 Signwriters	2.2	2910	350	0.89	0.11	0.079	0.043	1.8	0	0	#DIV/0!	0.079	0.043	1.8	0.687	0.529	1.3	46925	39881	7044	46694	38251	8443	-1399	-0.199
3999	 Other Miscellaneous Technicians and Trades Workers	7.4	16080	6435	0.71	0.29	0.024	0.003	7.6	0.024	0.003	7.6	0.225	0.04	5.6	0.777	0.483	1.6	58733	40711	18022	61205	35756	25449	-7427	-0.412
4111	 Ambulance Officers and Paramedics	3.9	9510	4860	0.66	0.34	0.006	0.002	2.8	0.005783386	0.002057613	2.810725552	0.445	0.228	1.9	0.921	0.817	1.1	80834.5074	65228.47763	15606.02977	81262	64810	16452	-846	-0.054
4112	" Dental Hygienists, Technicians and Therapists"	3	2185	3800	0.37	0.63	0.018	0.004	4.6	0.018306636	0.003947368	4.637681159	0.222	0.161	1.4	0.778	0.7	1.1	57995.97036	53527.2171	4468.753257	54760	51862	2899	1570	0.351
4113	 Diversional Therapists	3.2	115	1690	0.06	0.94	0.043	0.009	4.9	0	0	#DIV/0!	0.043	0.009	4.9	0.522	0.284	1.8	40936.47835	32853.40414	8083.074212	33776	29550	4226	3857	0.477
4114	 Enrolled and Mothercraft Nurses	3.6	1380	13050	0.1	0.9	0.004	0.001	4.7	0.003623188	0.000766284	4.72826087	0.033	0.017	1.9	0.685	0.557	1.2	45216.56086	41543.45861	3673.102248	45096	39429	5667	-1994	-0.543
4115	 Indigenous Health Workers	1.8	900	1980	0.31	0.69	0.006	0.003	2.2	0.005555556	0.002525253	2.2	0.061	0.048	1.3	0.622	0.576	1.1	48415.46382	45360.3728	3055.091024	43841	40417	3425	-369	-0.121
4116	 Massage Therapists	2.1	1155	3495	0.25	0.75	0.004	0.001	3	0.004329004	0.001430615	3.025974026	0.022	0.013	1.7	0.229	0.186	1.2	28849.41572	26473.49432	2375.921399	20062	18103	1959	417	0.175
4117	 Welfare Support Workers	2.2	20310	46525	0.3	0.7	0.002	0.001	2.3	0.001723289	0.000752284	2.290743476	0.056	0.032	1.8	0.549	0.445	1.2	45355.0261	40488.55759	4866.468511	42017	36265	5752	-886	-0.182
4211	 Child Carers	0.9	3700	99890	0.04	0.96	0.001	0.001	1.7	0.001351351	0.000800881	1.687331081	0.019	0.008	2.4	0.218	0.3	0.7	30913.36795	32639.7403	-1726.372346	23112	27484	-4372	2645	-1.532
4221	 Education Aides	0.4	6820	70900	0.09	0.91	0.002	0.002	1	0.002199413	0.002115656	1.039589443	0.034	0.019	1.8	0.396	0.317	1.3	35530.88284	30836.8011	4694.081739	30201	27610	2591	2103	0.448
4231	 Aged and Disabled Carers	1.3	18000	100585	0.15	0.85	0.001	0	1.4	0.000555556	0.000397674	1.397013889	0.026	0.011	2.3	0.446	0.306	1.5	40300.97861	33791.12655	6509.852062	35690	29298	6392	118	0.018
4232	 Dental Assistants	2.9	490	24305	0.02	0.98	0.01	0.002	5.5	0.010204082	0.001851471	5.511337868	0.071	0.02	3.6	0.367	0.432	0.9	36661.49351	37310.07177	-648.5782631	28439	33137	-4698	4050	-6.244
4233	 Nursing Support and Personal Care Workers	1.4	15840	50195	0.24	0.76	0.001	0	1.3	0.000631313	0.000498058	1.267550505	0.018	0.01	1.7	0.575	0.367	1.6	40812.43615	34972.21427	5840.221878	38594	31377	7216	-1376	-0.236
4234	 Special Care Workers	3.5	630	9595	0.06	0.94	0.032	0.007	4.4	0	0	#DIV/0!	0.032	0.007	4.4	0.468	0.294	1.6	45373.98041	35462.61869	9911.361724	35368	27470	7898	2013	0.203
4310	 Hospitality Workers	1.3	385	725	0.35	0.65	0.013	0.007	1.9	0	0	#DIV/0!	0.013	0.007	1.9	0.156	0.124	1.3	31790.17248	28586.33422	3203.838261	19679	17769	1910	1294	0.404
4311	 Bar Attendants and Baristas	1.9	35245	48395	0.42	0.58	0.001	0.001	2.5	0.001276777	0.000516582	2.471584622	0.011	0.005	2.4	0.263	0.192	1.4	31093.70085	29765.42364	1328.277209	25567	23491	2076	-748	-0.563
4312	 Cafe Workers	0	5485	22800	0.19	0.81	0.001	0.001	0.8	0.000911577	0.001096491	0.83135825	0.012	0.008	1.5	0.158	0.128	1.2	27036.35129	25776.79378	1259.557512	19202	18795	407	853	0.677
4313	 Gaming Workers	3.2	4010	4280	0.48	0.52	0.027	0.008	3.4	0	0	#DIV/0!	0.027	0.008	3.4	0.671	0.535	1.3	50422.89341	45931.48343	4491.409976	45376	38245	7132	-2640	-0.588
4314	 Hotel Service Managers	0.8	2660	1800	0.6	0.4	0.004	0.003	1.4	0.003759398	0.002777778	1.353383459	0.055	0.028	2	0.679	0.65	1	45421.61903	43709.64772	1711.971313	45022	42912	2110	-398	-0.233
4315	 Waiters	1	24770	75370	0.25	0.75	0.001	0.001	1.5	0.001413	0.000928751	1.521396851	0.013	0.008	1.7	0.173	0.119	1.5	28434.29654	26103.01029	2331.286253	20034	18122	1912	419	0.18
4319	 Other Hospitality Workers	1.6	13200	19285	0.41	0.59	0.002	0.001	1.9	0.001515152	0.000777807	1.947979798	0.026	0.013	2	0.431	0.34	1.3	36724.68216	33639.06711	3085.61505	32301	28810	3491	-405	-0.131
4411	 Defence Force Members - Other Ranks	1.6	24050	3945	0.86	0.14	0.002	0.001	1.6	0.002079002	0.001267427	1.64033264	0.101	0.065	1.6	0.863	0.824	1	57616.55622	55193.69589	2422.860327	60677	56200	4477	-2054	-0.848
4412	 Fire and Emergency Workers	4.1	14890	1350	0.92	0.08	0.01	0.004	2.6	0.009738079	0.003703704	2.629281397	0.462	0.189	2.4	0.924	0.807	1.1	76169.22324	61507.07293	14662.1503	79426	61768	17659	-2997	-0.204
4413	 Police	2.4	42845	15075	0.74	0.26	0.01	0.007	1.6	0.010386276	0.006633499	1.565731124	0.537	0.303	1.8	0.969	0.921	1.1	82323.80897	69168.22812	13155.58084	85986	72678	13308	-153	-0.012
4421	 Prison Officers	2.5	9855	3115	0.76	0.24	0.004	0.002	2.5	0.004058853	0.001605136	2.528665652	0.382	0.242	1.6	0.949	0.907	1	75628.4683	67811.87643	7816.591871	76730	69396	7334	483	0.062
4422	 Security Officers and Guards	1.3	47335	7615	0.86	0.14	0.003	0.002	1.8	0.003485793	0.001969796	1.769620788	0.095	0.076	1.3	0.673	0.637	1.1	50604.64063	48457.84258	2146.798047	48007	45764	2243	-96	-0.045
4511	 Beauty Therapists	4.5	215	15765	0.01	0.99	0.023	0.001	18.3	0.023255814	0.001268633	18.33139535	0.047	0.012	3.9	0.256	0.267	1	35104.62152	32479.9951	2624.626418	24034	26269	-2235	4860	1.852
4512	 Driving Instructors	4.8	1030	220	0.82	0.18	0.131	0.023	5.8	0	0	#DIV/0!	0.131	0.023	5.8	0.694	0.477	1.5	51114.74338	44907.81187	6206.931503	48541	37785	10756	-4549	-0.733
4513	 Funeral Workers	2	1880	1325	0.59	0.41	0.024	0.011	2.1	0.02393617	0.011320755	2.114361702	0.138	0.094	1.5	0.707	0.638	1.1	53201.47702	46904.47752	6296.999495	47847	42188	5659	638	0.101
4514	" Gallery, Museum and Tour Guides"	1.7	2135	2120	0.5	0.5	0.005	0.002	2	0.004683841	0.002358491	1.985948478	0.03	0.014	2.2	0.403	0.307	1.3	37589.98901	33131.7211	4458.267906	29888	25679	4209	250	0.056
4515	 Personal Care Consultants	0.9	170	815	0.17	0.83	0.029	0.025	1.2	0	0	#DIV/0!	0.029	0.025	1.2	0.294	0.202	1.5	37776.4128	28880.71387	8895.698935	25678	21023	4656	4240	0.477
4516	 Tourism and Travel Advisers	2.4	3820	17260	0.18	0.82	0.012	0.006	2.1	0.011780105	0.005504056	2.140259025	0.127	0.059	2.1	0.705	0.586	1.2	52487.47256	44540.56865	7946.90391	50179	41672	8507	-560	-0.07
4517	 Travel Attendants	4.9	3695	8460	0.3	0.7	0.011	0.003	3.7	0.01082544	0.002955083	3.663328823	0.25	0.08	3.1	0.877	0.71	1.2	68832.95012	54467.39089	14365.55923	68689	50318	18370	-4005	-0.279
4518	 Other Personal Service Workers	3.1	1020	3435	0.23	0.77	0.005	0.001	3.4	0.004901961	0.001455604	3.367647059	0.054	0.013	4.1	0.314	0.154	2	42975.04986	27510.94174	15464.10812	28028	19807	8221	7244	0.468
4521	 Fitness Instructors	0.7	5805	9760	0.37	0.63	0.003	0.004	0.7	0.002583979	0.003586066	0.720561093	0.048	0.034	1.4	0.359	0.264	1.4	35730.3273	29985.77961	5744.547682	28318	22620	5697	47	0.008
4522	 Outdoor Adventure Guides	0.6	1240	670	0.65	0.35	0.004	0.007	0.5	0.004032258	0.007462687	0.540322581	0.044	0.022	2	0.315	0.216	1.5	36876.58999	30099.28764	6777.30235	30527	25639	4889	1888	0.279
4523	" Sports Coaches, Instructors and Officials"	3.9	11115	12785	0.47	0.53	0.014	0.004	3.3	0.014394962	0.004301916	3.346174294	0.11	0.028	3.9	0.4	0.188	2.1	45802.00918	28876.35012	16925.65906	33690	18869	14822	2104	0.124
4524	 Sportspersons	8.8	9180	3010	0.75	0.25	0.068	0.003	20.5	0.068082789	0.003322259	20.49291939	0.173	0.022	8	0.451	0.196	2.3	67635.37467	28802.33399	38833.04067	57362	22031	35331	3502	0.09
5100	 Office Managers and Program Administrators	2.2	80	370	0.18	0.82	0.125	0.081	1.5	0	0	#DIV/0!	0.125	0.081	1.5	0.688	0.5	1.4	54406.73929	44084.24798	10322.49131	46846	35484	11363	-1040	-0.101
5111	" Contract, Program and Project Administrators"	5.2	35625	66610	0.35	0.65	0.038	0.009	4.2	0.037754386	0.00908272	4.156726693	0.482	0.242	2	0.924	0.827	1.1	77208.93055	61302.86598	15906.06458	81306	61815	19490	-3584	-0.225
5121	 Office Managers	3.1	22625	149945	0.13	0.87	0.028	0.012	2.2	0.027624309	0.012471239	2.215041215	0.246	0.11	2.2	0.748	0.638	1.2	63000.77867	46892.53581	16108.24286	57761	43015	14745	1363	0.085
5122	 Practice Managers	6.1	50495	33755	0.6	0.4	0.109	0.042	2.6	0.108723636	0.041771589	2.602813002	0.514	0.293	1.8	0.889	0.786	1.1	87446.95532	62599.01934	24847.93598	95073	64043	31030	-6182	-0.249
5211	 Personal Assistants	3.2	1210	41880	0.03	0.97	0.041	0.007	6.3	0.041322314	0.00656638	6.293012772	0.198	0.13	1.5	0.607	0.759	0.8	62012.55838	53704.01632	8308.54206	52100	52552	-452	8760	1.054
5212	 Secretaries	0	465	52365	0.01	0.99	0.011	0.011	1	0.010752688	0.010503199	1.023753666	0.151	0.09	1.7	0.516	0.603	0.9	48222.89575	42119.05175	6103.844005	38831	39039	-209	6312	1.034
5310	" Public servant - administrative service officer - levels 3-4, ATO"	2.2	15080	46490	0.24	0.76	0.006	0.003	1.7	0.00596817	0.0034416	1.734126326	0.145	0.066	2.2	0.904	0.789	1.1	59230.0073	50952.69838	8277.308917	60757	51177	9581	-1303	-0.157
5311	 General Clerks	0.6	39400	319390	0.11	0.89	0.01	0.008	1.3	0.010025381	0.007576944	1.323143118	0.1	0.06	1.7	0.516	0.507	1	43208.85741	38774.71673	4434.140679	35098	34433	665	3769	0.85
5321	 Keyboard Operators	0.5	4230	18135	0.19	0.81	0.004	0.004	0.9	0.003546099	0.003859939	0.918693009	0.102	0.05	2	0.54	0.526	1	45766.72393	39063.03043	6703.693497	39804	35435	4369	2334	0.348
5411	 Call or Contact Centre Workers	1.4	12370	22945	0.35	0.65	0.001	0.001	1.9	0.001212611	0.000653737	1.854890865	0.041	0.025	1.6	0.593	0.558	1.1	43178.49448	41698.30661	1480.18787	41088	38741	2346	-866	-0.585
5412	 Inquiry Clerks	1.7	630	2470	0.2	0.8	0.008	0.004	2	0.007936508	0.004048583	1.96031746	0.111	0.059	1.9	0.563	0.514	1.1	48723.6426	41000.65246	7722.990139	39183	34945	4238	3485	0.451
5421	 Receptionists	0.4	4850	113725	0.04	0.96	0.003	0.003	1.2	0.003092784	0.002506045	1.234129137	0.028	0.024	1.2	0.369	0.399	0.9	36549.0664	34759.82571	1789.240685	28901	30776	-1876	3665	2.048
5511	 Accounting Clerks	4.7	17925	84880	0.17	0.83	0.027	0.005	5.2	0.027336123	0.005301602	5.156200217	0.152	0.058	2.6	0.723	0.627	1.2	60331.76324	44184.929	16146.83423	57269	41563	15706	441	0.027
5512	 Bookkeepers	0	2690	35245	0.07	0.93	0.004	0.009	0.4	0.003717472	0.009079302	0.409444703	0.061	0.083	0.7	0.478	0.509	0.9	40868.83294	38962.86881	1905.964128	31218	33583	-2364	4270	2.24
5513	 Payroll Clerks	1.7	2305	12585	0.15	0.85	0.004	0.003	1.4	0.004338395	0.003178387	1.364967462	0.176	0.085	2.1	0.846	0.735	1.2	59199.5694	50020.97202	9178.597381	59079	49709	9370	-191	-0.021
5521	 Bank Workers	8.8	21485	51505	0.29	0.71	0.079	0.009	9.2	0.079357691	0.008639938	9.184984036	0.329	0.099	3.3	0.865	0.668	1.3	80401.0765	47413.74521	32987.33129	85995	48180	37815	-4828	-0.146
5522	 Credit and Loans Officers	5	3670	5525	0.4	0.6	0.026	0.006	4.1	0.025885559	0.006334842	4.086220319	0.257	0.102	2.5	0.866	0.774	1.1	65935.26106	53770.41588	12164.84518	69757	52988	16770	-4605	-0.379
5523	" Insurance, Money Market and Statistical Clerks"	5.9	10135	15655	0.39	0.61	0.045	0.008	5.9	0.044893932	0.007665283	5.856787535	0.28	0.117	2.4	0.864	0.758	1.1	75865.09623	52779.09732	23085.99892	76241	52843	23397	-311	-0.013
5610	 Clerical and Office Support Workers	2.7	7600	29020	0.21	0.79	0.012	0.005	2.5	0.011842105	0.004824259	2.454699248	0.155	0.063	2.5	0.738	0.631	1.2	53921.53093	43776.22205	10145.30888	51374	41746	9628	518	0.051
5611	 Betting Clerks	1.8	905	1655	0.35	0.65	0.006	0.003	1.8	0.005524862	0.003021148	1.828729282	0.061	0.024	2.5	0.459	0.326	1.4	41496.09736	35106.52553	6389.571824	32667	26568	6098	291	0.046
5612	 Couriers and Postal Deliverers	1.6	19640	5170	0.79	0.21	0.001	0.001	1.3	0.001272912	0.000967118	1.316191446	0.034	0.015	2.2	0.671	0.463	1.4	46703.52424	38762.02102	7941.503221	43197	34595	8602	-660	-0.083
5613	 Filing and Registry Clerks	1.6	585	1485	0.28	0.72	0.009	0.003	2.5	0.008547009	0.003367003	2.538461538	0.06	0.044	1.4	0.333	0.347	1	34432.63654	32848.48719	1584.149353	22109	22847	-738	2323	1.466
5614	 Mail Sorters	0.9	4595	4725	0.49	0.51	0.001	0.002	0.5	0.001088139	0.002116402	0.514145811	0.057	0.026	2.1	0.726	0.579	1.3	50045.45578	42965.45903	7079.996749	46949	39791	7157	-77	-0.011
5615	 Survey Interviewers	1	1190	1955	0.38	0.62	0.004	0.003	1.6	0.004201681	0.002557545	1.642857143	0.029	0.033	0.9	0.185	0.212	0.9	27925.15021	29750.05495	-1824.904739	19859	20008	-148	-1677	0.919
5616	 Switchboard Operators	4.2	685	2585	0.21	0.79	0.007	0.002	3.8	0.00729927	0.001934236	3.773722628	0.139	0.027	5.1	0.599	0.542	1.1	42537.95762	39767.36209	2770.595524	46288	36502	9786	-7015	-2.532
5619	 Other Clerical and Office Support Workers	1.3	3320	1760	0.65	0.35	0.002	0.003	0.5	0.001506024	0.002840909	0.530120482	0.056	0.037	1.5	0.563	0.375	1.5	45574.84024	37111.94191	8462.898332	39105	29394	9711	-1248	-0.147
5911	 Purchasing and Supply Logistics Clerks	4.4	46210	39315	0.54	0.46	0.008	0.003	2.4	0.008006925	0.003306626	2.421478867	0.146	0.047	3.1	0.742	0.432	1.7	47679.7027	31782.99375	15896.70895	53449	33594	19855	-3958	-0.249
5912	 Transport and Despatch Clerks	3.8	10490	6705	0.61	0.39	0.011	0.004	3.1	0.011439466	0.003728561	3.068064824	0.228	0.076	3	0.85	0.728	1.2	63214.3856	49217.78174	13996.60386	63464	48628	14835	-839	-0.06
5991	 Conveyancers and Legal Executives	4.9	1625	6765	0.19	0.81	0.068	0.012	5.7	0.067692308	0.011825573	5.724230769	0.243	0.099	2.5	0.612	0.666	0.9	68320.94387	51259.41447	17061.5294	65110	49075	16035	1027	0.06
5992	 Court and Legal Clerks	1.8	4135	10205	0.29	0.71	0.013	0.006	2.3	0.013301088	0.005879471	2.26229343	0.156	0.081	1.9	0.64	0.616	1	52274.12723	46406.9402	5867.187033	46841	43779	3062	2805	0.478
5993	 Debt Collectors	1.1	1750	2515	0.41	0.59	0.003	0.002	1.4	0.002857143	0.001988072	1.437142857	0.063	0.028	2.3	0.671	0.632	1.1	47459.02263	44037.7535	3421.269127	45687	41832	3855	-434	-0.127
5994	 Human Resource Clerks	0.4	1870	6850	0.21	0.79	0.003	0.003	0.9	0.002673797	0.002919708	0.915775401	0.08	0.047	1.7	0.602	0.551	1.1	46633.4656	42606.85981	4026.605786	44282	40789	3493	534	0.133
5995	 Inspectors and Regulatory Officers	3.6	11740	4810	0.71	0.29	0.02	0.007	2.8	0.020017036	0.007276507	2.750912631	0.418	0.245	1.7	0.927	0.85	1.1	72528.0741	61858.68387	10669.39023	77334	64249	13085	-2415	-0.226
5996	" Insurance Investigators, Loss Adjusters and Risk Surveyors"	7	935	540	0.63	0.37	0.059	0.009	6.4	0.058823529	0.009259259	6.352941176	0.455	0.194	2.3	0.914	0.824	1.1	78808.18998	63482.15801	15326.03197	85809	62036	23773	-8447	-0.551
5997	 Library Assistants	0	825	5110	0.14	0.86	0.012	0.018	0.7	0	0	#DIV/0!	0.012	0.018	0.7	0.406	0.453	0.9	37442.15944	35370.45196	2071.707477	29326	31350	-2024	4095	1.977
5999	 Other Miscellaneous Clerical and Administrative Workers	0.7	9405	31685	0.23	0.77	0.012	0.011	1	0.011695906	0.01120404	1.043900832	0.152	0.095	1.6	0.601	0.548	1.1	50482.68143	39887.75875	10594.92268	40399	34817	5582	5013	0.473
6111	" Auctioneers, and Stock and Station Agents"	6.3	1770	150	0.92	0.08	0.28	0.067	4.2	0	0	#DIV/0!	0.28	0.067	4.2	0.76	0.5	1.5	64398.71625	43831.40468	20567.31158	64744	38182	26562	-5995	-0.291
6112	 Insurance Agents	6.7	3745	4090	0.48	0.52	0.071	0.01	7.2	0.070761015	0.009779951	7.235313752	0.338	0.103	3.3	0.812	0.654	1.2	78509.34202	50085.49599	28423.84602	74219	47013	27206	1217	0.043
6113	 Sales Representatives	4.4	84800	73365	0.54	0.46	0.012	0.004	2.8	0.012205189	0.004361753	2.798230211	0.156	0.061	2.6	0.707	0.428	1.7	58529.48124	43189.08126	15340.39997	54076	35413	18663	-3322	-0.217
6121	 Real Estate Sales Agents	5.3	25970	31065	0.46	0.54	0.071	0.017	4.2	0.070658452	0.016739095	4.221163102	0.322	0.126	2.6	0.714	0.61	1.2	76306.21348	52729.41908	23576.7944	72317	49268	23049	528	0.022
6200	" Sales assistant - type not specified, ATO RDCC"	2.1	3415	8525	0.29	0.71	0.001	0.001	2.5	0.001464129	0.00058651	2.496339678	0.01	0.002	4.4	0.231	0.115	2	32525.91268	26793.88629	5732.026394	22431	17695	4736	996	0.174
6211	 Sales Assistants (General)	0.3	88460	204750	0.3	0.7	0.002	0.002	1	0.001639159	0.001660562	0.987111157	0.02	0.013	1.5	0.284	0.207	1.4	32686.90827	28574.02094	4112.887331	25224	22449	2775	1338	0.325
6212	 ICT Sales Assistants	3.7	4155	2040	0.67	0.33	0.02	0.005	4.2	0.02045728	0.004901961	4.173285199	0.081	0.047	1.7	0.462	0.38	1.2	43437.93536	36835.3986	6602.536759	42141	33531	8610	-2008	-0.304
6213	 Motor Vehicle and Vehicle Parts Salespersons	4.6	10320	1310	0.89	0.11	0.024	0.008	3.1	0.02374031	0.007633588	3.10998062	0.295	0.153	1.9	0.827	0.714	1.2	69775.42391	56529.73579	13245.68812	69367	51536	17830	-4585	-0.346
6214	 Pharmacy Sales Assistants	1.4	2845	31915	0.08	0.92	0.004	0.002	2.2	0.003514938	0.001566661	2.243585237	0.042	0.014	3	0.22	0.251	0.9	32192.72444	31451.57035	741.1540948	22913	25927	-3015	3756	5.067
6215	 Retail Supervisors	4	12080	12655	0.49	0.51	0.011	0.003	3.5	0.011175497	0.003160806	3.535647765	0.127	0.032	4	0.769	0.567	1.4	56771.5855	43247.02577	13524.55973	54338	40106	14232	-708	-0.052
6216	 Service Station Attendants	1.4	2815	2555	0.52	0.48	0.004	0.002	1.8	0.003552398	0.001956947	1.815275311	0.039	0.018	2.2	0.355	0.317	1.1	33677.99598	31998.3908	1679.605184	30271	28010	2262	-582	-0.346
6217	 Street Vendors and Related Salespersons	1.1	1010	430	0.7	0.3	0.005	0.012	0.4	0.004950495	0.011627907	0.425742574	0.05	0.023	2.1	0.371	0.198	1.9	42321.71373	33320.24754	9001.466193	29197	19932	9265	-264	-0.029
6219	 Other Sales Assistants and Salespersons	1.4	26825	51725	0.34	0.66	0.002	0.002	1.3	0.002423113	0.001836636	1.319321136	0.037	0.014	2.6	0.377	0.22	1.7	36307.58975	29121.01512	7186.574627	30484	23163	7321	-135	-0.019
6311	 Checkout Operators and Office Cashiers	1.1	31500	98255	0.24	0.76	0.001	0	1.8	0.000634921	0.000356216	1.782403628	0.008	0.005	1.9	0.183	0.139	1.3	30583.11355	27495.53783	3087.575711	21290	20116	1174	1913	0.62
6391	 Models and Sales Demonstrators	3.6	4505	15415	0.23	0.77	0.01	0.003	3.8	0.009988901	0.002594875	3.849472808	0.081	0.026	3.1	0.458	0.278	1.6	46384.8622	33582.94058	12801.92162	37171	26616	10555	2246	0.175
6392	 Retail and Wool Buyers	5.2	1675	2435	0.41	0.59	0.069	0.023	3	0.068656716	0.022587269	3.039620081	0.457	0.265	1.7	0.89	0.797	1.1	85579.09575	70370.88111	15208.21464	88129	66833	21295	-6087	-0.4
6393	 Telemarketers	0.9	3560	5745	0.38	0.62	0.001	0.001	1.6	0.001404494	0.000870322	1.613764045	0.011	0.005	2.2	0.228	0.205	1.1	32504.20961	31026.77665	1477.432959	22858	21997	861	616	0.417
6394	 Ticket Salespersons	5.4	3305	6740	0.33	0.67	0.005	0.001	6.1	0.004538578	0.00074184	6.118003026	0.191	0.045	4.3	0.697	0.517	1.3	56900.64605	43300.89475	13599.7513	53889	37620	16269	-2669	-0.196
6395	 Visual Merchandisers	1.8	170	210	0.45	0.55	0.029	0.024	1.2	0	0	#DIV/0!	0.029	0.024	1.2	0.618	0.31	2	41063.4632	39927.44898	1136.014224	39719	32860	6859	-5723	-5.037
7100	 Machine and Stationary Plant Operators	2.8	610	135	0.82	0.18	0.107	0.037	2.9	0	0	#DIV/0!	0.107	0.037	2.9	0.779	0.593	1.3	54496.36719	43827.34833	10669.01886	52503	44391	8112	2557	0.24
7111	" Clay, Concrete, Glass and Stone Processing Machine Operators"	2.5	5620	565	0.91	0.09	0.007	0.009	0.8	0.007117438	0.008849558	0.804270463	0.247	0.106	2.3	0.794	0.575	1.4	61459.02102	43298.94892	18160.0721	61836	42289	19547	-1387	-0.076
7112	 Industrial Spraypainters	2.8	5670	80	0.99	0.01	0.01	0.063	0.2	0.009700176	0.0625	0.155202822	0.191	0.188	1	0.784	0.563	1.4	55153.29476	43235.60877	11917.68599	59901	42165	17736	-5818	-0.488
7113	 Paper and Wood Processing Machine Operators	4.8	5720	790	0.88	0.12	0.183	0.038	4.8	0	0	#DIV/0!	0.183	0.038	4.8	0.753	0.576	1.3	57288.0622	42345.20223	14942.85997	55860	39553	16306	-1363	-0.091
7114	 Photographic Developers and Printers	2.6	990	825	0.55	0.45	0.005	0.006	0.8	0.005050505	0.006060606	0.833333333	0.146	0.018	8.1	0.717	0.352	2	55210.46966	34678.59782	20531.87184	51283	30120	21163	-631	-0.031
7115	 Plastics and Rubber Production Machine Operators	2.3	5495	645	0.89	0.11	0.004	0.008	0.5	0.003639672	0.007751938	0.469517743	0.134	0.031	4.3	0.763	0.543	1.4	52264.12955	41699.38831	10564.74124	53547	38407	15140	-4576	-0.433
7116	 Sewing Machinists	4.6	625	5935	0.1	0.9	0.008	0.001	9.5	0.008	0.00084246	9.496	0.024	0.008	2.8	0.48	0.324	1.5	39470.14692	33687.83075	5782.316176	34107	28242	5864	-82	-0.014
7117	 Textile and Footwear Production Machine Operators	4.4	925	630	0.59	0.41	0.07	0.016	4.4	0	0	#DIV/0!	0.07	0.016	4.4	0.714	0.437	1.6	47523.37693	37845.83838	9677.53855	46040	33413	12627	-2950	-0.305
7119	 Other Machine Operators	5.2	31370	5610	0.85	0.15	0.007	0.002	4.1	0.007331846	0.001782531	4.113165445	0.265	0.102	2.6	0.8	0.59	1.4	61289.42086	45594.49556	15694.9253	63879	44411	19467	-3772	-0.24
7121	" Crane, Hoist and Lift Operators"	6.7	9950	160	0.98	0.02	0.062	0.031	2	0.062311558	0.03125	1.993969849	0.624	0.313	2	0.922	0.594	1.6	86451.95877	57886.36482	28565.59396	98338	54305	44033	-15468	-0.541
7122	" Drillers, Miners and Shot Firers"	6.4	50800	2915	0.95	0.05	0.057	0.007	8.3	0.056692913	0.006861063	8.262992126	0.795	0.616	1.3	0.956	0.902	1.1	104157.2045	82907.4413	21249.76325	114374	92262	22111	-861	-0.041
7123	 Engineering Production Systems Workers	2.1	2385	95	0.96	0.04	0.004	0.053	0.1	0.004192872	0.052631579	0.07966457	0.266	0.158	1.7	0.83	0.579	1.4	58200.10764	41688.15275	16511.95488	62568	45443	17125	-613	-0.037
7129	 Other Stationary Plant Operators	3.9	14675	1330	0.92	0.08	0.012	0.008	1.5	0.011584327	0.007518797	1.540715503	0.444	0.267	1.7	0.899	0.658	1.4	74314.92597	58157.53641	16157.38956	80050	58495	21555	-5398	-0.334
7211	" Agricultural, Forestry and Horticultural Plant Operators"	4.6	9720	850	0.92	0.08	0.067	0.018	3.8	0	0	#DIV/0!	0.067	0.018	3.8	0.527	0.212	2.5	45009.35974	30179.39701	14829.96273	38917	21837	17080	-2250	-0.152
7212	 Earthmoving Plant Operators	1.4	43895	1960	0.96	0.04	0.017	0.008	2.2	0.016858412	0.007653061	2.202832517	0.417	0.574	0.7	0.879	0.847	1	70527.37086	75263.80458	-4736.43372	78798	86965	-8166	3430	-0.724
7213	 Forklift Drivers	0.4	31130	1010	0.97	0.03	0.001	0.005	0.3	0.001284934	0.004950495	0.259556698	0.075	0.054	1.4	0.742	0.723	1	50459.84679	47707.34935	2752.497435	48742	45895	2848	-95	-0.035
7219	 Other Mobile Plant Operators	3.3	9440	1270	0.88	0.12	0.008	0.004	2	0.007944915	0.003937008	2.018008475	0.212	0.071	3	0.822	0.701	1.2	62579.98852	52137.54508	10442.44344	62995	48973	14022	-3579	-0.343
7300	 Road and Rail Drivers	5.4	510	390	0.57	0.43	0.049	0.013	3.8	0	0	#DIV/0!	0.049	0.013	3.8	0.471	0.038	12.2	42824.21084	34787.51948	8036.691356	34504	16989	17514	-9477	-1.179
7311	 Automobile Drivers	2.3	3550	460	0.89	0.11	0.052	0.022	2.4	0	0	#DIV/0!	0.052	0.022	2.4	0.301	0.228	1.3	36459.36622	29961.04971	6498.316511	28763	22315	6448	51	0.008
7312	 Bus and Coach Drivers	1	32535	4335	0.88	0.12	0.002	0.002	0.7	0.001690487	0.002306805	0.732826187	0.068	0.053	1.3	0.686	0.505	1.4	50319.92475	41094.87851	9225.046237	47306	38976	8330	895	0.097
7313	 Train and Tram Drivers	3.3	11425	730	0.94	0.06	0.025	0.014	1.8	0.024507659	0.01369863	1.789059081	0.74	0.493	1.5	0.973	0.911	1.1	88854.80166	73224.08027	15630.72139	100183	82642	17540	-1910	-0.122
7321	 Delivery Drivers	1	31750	3905	0.89	0.11	0.001	0.001	0.9	0.001102362	0.00128041	0.860944882	0.03	0.013	2.3	0.485	0.284	1.7	40876.85049	33057.02662	7819.823865	34573	26463	8110	-290	-0.037
7331	 Truck Drivers	0	151655	4620	0.97	0.03	0.003	0.004	0.8	0.003395866	0.004329004	0.784444957	0.202	0.315	0.6	0.802	0.718	1.1	59053.58217	60698.71234	-1645.130176	60286	63146	-2860	1215	-0.738
7411	 Storepersons	1.3	112710	21670	0.84	0.16	0.001	0.001	1.1	0.001463934	0.001384402	1.057448319	0.049	0.022	2.2	0.638	0.459	1.4	45785.00721	39120.38773	6664.619475	42453	34114	8339	-1674	-0.251
8110	 Cleaners and Laundry Workers	2.9	1455	3355	0.3	0.7	0.007	0.001	4.6	0	0	#DIV/0!	0.007	0.001	4.6	0.199	0.08	2.5	31780.46183	27657.22265	4123.23918	20731	18690	2041	2082	0.505
8111	 Car Detailers	0.9	10985	1635	0.87	0.13	0.009	0.006	1.4	0	0	#DIV/0!	0.009	0.006	1.4	0.332	0.287	1.2	34875.23147	33051.6213	1823.610176	29289	26986	2302	-479	-0.263
8112	 Commercial Cleaners	1.6	34300	62080	0.36	0.64	0.001	0	1.8	0.000728863	0.000402706	1.809912536	0.021	0.014	1.6	0.384	0.249	1.5	35916.14029	30689.70176	5226.438529	30018	25283	4735	492	0.094
8113	 Domestic Cleaners	4.3	1640	16170	0.09	0.91	0.018	0.005	3.9	0	0	#DIV/0!	0.018	0.005	3.9	0.302	0.094	3.2	33707.47863	28724.49114	4982.987489	26528	15903	10625	-5642	-1.132
8114	 Housekeepers	0	4475	23400	0.16	0.84	0.004	0.007	0.7	0	0	#DIV/0!	0.004	0.007	0.7	0.249	0.215	1.2	31862.41117	30676.32788	1186.083291	24742	24522	220	966	0.815
8115	 Laundry Workers	1.9	3385	8440	0.29	0.71	0.001	0.001	2.5	0.001477105	0.000592417	2.493353028	0.018	0.005	3.3	0.411	0.309	1.3	36968.58116	33091.38616	3877.195004	31757	28798	2959	918	0.237
8116	 Other Cleaners	1.2	15060	21535	0.41	0.59	0.001	0.001	1.4	0.001328021	0.000928721	1.429946879	0.03	0.021	1.4	0.432	0.297	1.5	38187.70624	32334.11274	5853.593504	32182	27648	4533	1320	0.226
8200	" Labourer - type not specified, ATO RDCC"	1.2	2180	255	0.9	0.1	0.016	0.02	0.8	0	0	#DIV/0!	0.016	0.02	0.8	0.25	0.078	3.2	35462.84864	30654.18007	4808.668568	22742	15073	7669	-2860	-0.595
8211	 Building and Plumbing Labourers	2.9	64380	1395	0.98	0.02	0.007	0.004	1.8	0.006601429	0.003584229	1.841798695	0.166	0.097	1.7	0.588	0.405	1.5	48522.42407	38219.07608	10303.34799	47570	34697	12873	-2570	-0.249
8212	 Concreters	6.8	19450	105	0.99	0.01	0.231	0.048	4.9	0	0	#DIV/0!	0.231	0.048	4.9	0.717	0.381	1.9	56095.66986	38744.14805	17351.52181	57254	31137	26117	-8766	-0.505
8213	 Fencers	1.7	3395	75	0.98	0.02	0.066	0.067	1	0	0	#DIV/0!	0.066	0.067	1	0.479	0.333	1.4	40259.38065	32578.94228	7680.438375	36666	25495	11171	-3491	-0.455
8214	 Insulation and Home Improvement Installers	1.7	4930	140	0.97	0.03	0.004	0.036	0.1	0.004056795	0.035714286	0.113590264	0.104	0.071	1.5	0.636	0.464	1.4	47269.94949	37611.12626	9658.823225	45451	33385	12066	-2407	-0.249
8215	 Paving and Surfacing Labourers	3.1	13510	240	0.98	0.02	0.172	0.104	1.6	0	0	#DIV/0!	0.172	0.104	1.6	0.799	0.604	1.3	56656.61364	45727.01592	10929.59772	57360	42605	14755	-3825	-0.35
8216	 Railway Track Workers	4.1	5815	130	0.98	0.02	0.428	0.231	1.9	0	0	#DIV/0!	0.428	0.231	1.9	0.874	0.808	1.1	68596.88191	63881.96289	4714.91902	79874	63208	16665	-11950	-2.535
8217	 Structural Steel Construction Workers	3.9	32415	205	0.99	0.01	0.039	0.024	1.6	0.039333642	0.024390244	1.612679315	0.463	0.341	1.4	0.818	0.683	1.2	75318.14685	65277.8934	10040.25345	81751	63714	18037	-7997	-0.796
8219	 Other Construction and Mining Labourers	7	19550	1330	0.94	0.06	0.036	0.004	9.5	0.035805627	0.003759398	9.524296675	0.479	0.323	1.5	0.832	0.711	1.2	74329.21113	62387.16784	11942.04329	83206	64103	19103	-7161	-0.6
8300	 Factory Process Workers	2.1	1565	1145	0.58	0.42	0.022	0.009	2.6	0	0	#DIV/0!	0.022	0.009	2.6	0.383	0.301	1.3	42161.5733	36692.21496	5469.358332	29908	25992	3915	1554	0.284
8310	 Food Process Workers	0.9	190	40	0.83	0.17	0.211	0.125	1.7	0	0	#DIV/0!	0	0	#DIV/0!	0.211	0.125	1.7	43271.82208	38308.97013	4962.851948	21299	21055	244	4719	0.951
8311	 Food and Drink Factory Workers	4.2	26105	15145	0.63	0.37	0.001	0	4.1	0.001340739	0.000330142	4.061099406	0.121	0.032	3.8	0.671	0.463	1.4	51945.94913	40239.86413	11706.085	48572	35055	13517	-1811	-0.155
8312	" Meat Boners and Slicers, and Slaughterers"	4.6	8120	1505	0.84	0.16	0.032	0.003	9.6	0	0	#DIV/0!	0.032	0.003	9.6	0.659	0.591	1.1	46293.2348	40285.50725	6007.72755	44479	38860	5619	389	0.065
8313	" Meat, Poultry and Seafood Process Workers"	0.9	21715	9020	0.71	0.29	0.001	0.001	1.2	0.000690767	0.000554324	1.246143219	0.021	0.008	2.7	0.561	0.508	1.1	42821.21182	37920.58407	4900.627746	38173	34134	4039	861	0.176
8321	 Packers	3.3	16970	26300	0.39	0.61	0.001	0	6.2	0.00117855	0.000190114	6.199175015	0.016	0.005	3	0.318	0.294	1.1	36178.9162	33678.26849	2500.647702	27417	26054	1363	1137	0.455
8322	 Product Assemblers	0.8	24525	12410	0.66	0.34	0.001	0.001	0.8	0.000611621	0.000805802	0.759021407	0.04	0.011	3.6	0.578	0.452	1.3	45260.24766	38561.25175	6698.995906	39534	32860	6674	25	0.004
8391	 Metal Engineering Process Workers	1.7	12645	665	0.95	0.05	0.003	0.008	0.4	0.003163306	0.007518797	0.420719652	0.163	0.053	3.1	0.696	0.519	1.3	54313.14238	41598.88405	12714.25833	50837	37512	13324	-610	-0.048
8392	 Plastics and Rubber Factory Workers	1.2	3415	1115	0.75	0.25	0.001	0.004	0.3	0.001464129	0.004484305	0.326500732	0.092	0.013	6.9	0.635	0.466	1.4	47464.7738	37972.32693	9492.446868	44707	34800	9906	-414	-0.044
8393	 Product Quality Controllers	4.3	1240	1320	0.48	0.52	0.012	0.004	3.2	0.012096774	0.003787879	3.193548387	0.173	0.057	3.1	0.694	0.458	1.5	56850.06886	40806.15181	16043.91705	53340	35506	17834	-1790	-0.112
8394	 Timber and Wood Process Workers	1.4	12325	2315	0.84	0.16	0.003	0.002	1.3	0.002839757	0.002159827	1.314807302	0.099	0.022	4.6	0.641	0.542	1.2	47815.82486	38489.3992	9326.425654	44944	37455	7489	1837	0.197
8399	 Other Factory Process Workers	5.2	41155	18715	0.69	0.31	0.004	0.001	8.4	0.004495201	0.000534331	8.412768801	0.106	0.016	6.7	0.567	0.392	1.4	48411.87381	37008.08795	11403.78586	43180	31018	12162	-759	-0.067
8410	" Farm, Forestry and Garden Workers"	0.3	1330	1210	0.52	0.48	0.004	0.004	0.9	0	0	#DIV/0!	0.004	0.004	0.9	0.075	0.025	3	30936.51513	23320.0873	7616.427824	15072	12440	2633	4984	0.654
8411	 Aquaculture Workers	3.1	1370	490	0.74	0.26	0.018	0.01	1.8	0	0	#DIV/0!	0.018	0.01	1.8	0.383	0.173	2.2	39724.6563	34496.11638	5228.539914	31076	19637	11439	-6210	-1.188
8412	 Crop Farm Workers	0.8	24655	14730	0.63	0.37	0.001	0.001	0.6	0.000608396	0.00101833	0.597444737	0.011	0.005	2.2	0.222	0.096	2.3	32962.34732	25931.85874	7030.488584	21864	15571	6293	738	0.105
8413	 Forestry and Logging Workers	2.9	5005	285	0.95	0.05	0.065	0.053	1.2	0	0	#DIV/0!	0.065	0.053	1.2	0.637	0.316	2	47654.30647	35736.69351	11917.61296	45079	28495	16584	-4667	-0.392
8414	 Garden and Nursery Labourers	0.6	13250	4575	0.74	0.26	0.001	0.001	1	0.001132075	0.001092896	1.035849057	0.017	0.013	1.3	0.403	0.262	1.5	35867.82122	30816.62875	5051.192468	29695	25569	4126	925	0.183
8415	 Livestock Farm Workers	2.3	17740	9800	0.64	0.36	0.002	0.001	1.9	0.001972943	0.001020408	1.933483653	0.023	0.009	2.5	0.395	0.207	1.9	36564.29665	30576.79744	5987.499206	31275	23319	7956	-1968	-0.329
8416	 Mixed Crop and Livestock Farm Workers	2.4	3090	610	0.84	0.16	0.005	0.008	0.6	0.004854369	0.008196721	0.59223301	0.039	0.041	0.9	0.429	0.197	2.2	36793.00704	28935.05037	7857.956663	31863	17724	14139	-6281	-0.799
8419	" Other Farm, Forestry and Garden Workers"	1.8	19405	6015	0.76	0.24	0.004	0.004	0.9	0.003607318	0.004156276	0.867920639	0.043	0.024	1.8	0.434	0.185	2.3	37600.85744	27747.63708	9853.220365	31621	19113	12508	-2655	-0.269
8511	 Fast Food Cooks	0	13095	9370	0.58	0.42	0	0.001	0.7	0.000381825	0.000533618	0.715540283	0.004	0.003	1.3	0.087	0.1	0.9	25552.21529	26854.04851	-1301.83322	16998	18134	-1137	-165	0.127
8512	 Food Trades Assistants	1.1	2790	6790	0.29	0.71	0.011	0.007	1.5	0	0	#DIV/0!	0.011	0.007	1.5	0.301	0.22	1.4	32650.81212	29793.67253	2857.139585	27206	23803	3403	-546	-0.191
8513	 Kitchenhands	0.5	36200	47945	0.43	0.57	0	0	1.3	0.000414365	0.000312858	1.324447514	0.006	0.006	1.1	0.115	0.176	0.7	26929.01838	28982.75616	-2053.737776	18135	21809	-3674	1620	-0.789
8911	 Freight and Furniture Handlers	2.3	9675	455	0.96	0.04	0.009	0.011	0.8	0.009302326	0.010989011	0.846511628	0.42	0.253	1.7	0.803	0.626	1.3	68295.87625	55352.84457	12943.03169	72117	56109	16008	-3065	-0.237
8912	 Shelf Fillers	0.2	9295	6675	0.58	0.42	0.001	0.001	0.7	0.000537924	0.000749064	0.718128026	0.004	0.004	1	0.214	0.14	1.5	29545.79488	26925.29449	2620.500392	23551	21742	1810	811	0.309
8991	 Caretakers	1.3	2900	1120	0.72	0.28	0.002	0.004	0.4	0.001724138	0.004464286	0.386206897	0.036	0.022	1.6	0.548	0.299	1.8	40869.73502	33760.00072	7109.7343	35647	26740	8906	-1797	-0.253
8992	 Deck and Fishing Hands	6.6	10205	1075	0.9	0.1	0.046	0.009	5	0.046055855	0.009302326	4.95100441	0.414	0.177	2.3	0.755	0.614	1.2	67536.21334	50971.67492	16564.53843	77946	53404	24542	-7978	-0.482
8993	 Handypersons	1.7	10540	290	0.97	0.03	0.001	0.017	0.1	0.00142315	0.017241379	0.082542694	0.031	0.034	0.9	0.471	0.259	1.8	38528.79207	28472.55073	10056.24134	31723	19620	12103	-2046	-0.204
8994	 Motor Vehicle Parts and Accessories Fitters	2.5	10480	95	0.99	0.01	0.092	0.053	1.7	0	0	#DIV/0!	0.092	0.053	1.7	0.664	0.579	1.1	45621.69749	39534.49351	6087.203986	46895	37385	9510	-3423	-0.562
8995	 Printing Assistants and Table Workers	2.3	2455	1245	0.66	0.34	0.002	0.004	0.5	0.00203666	0.004016064	0.50712831	0.102	0.024	4.2	0.686	0.39	1.8	51183.06627	37307.72954	13875.33673	46860	30463	16397	-2521	-0.182
8996	 Recycling and Rubbish Collectors	2.7	2605	125	0.95	0.05	0.004	0.04	0.1	0.003838772	0.04	0.09596929	0.109	0.08	1.4	0.752	0.48	1.6	54296.3965	38353.58385	15942.81264	52630	33461	19169	-3226	-0.202
8997	 Vending Machine Attendants	0.3	175	165	0.51	0.49	0.457	0.424	1.1	0	0	#DIV/0!	0	0	#DIV/0!	0.457	0.424	1.1	40135.76172	30885.06612	9250.695601	32866	31059	1806	7444	0.805
8999	 Other Miscellaneous Labourers	2.9	105675	15295	0.87	0.13	0.003	0.002	1.6	0.003217412	0.001961425	1.640343821	0.101	0.047	2.1	0.493	0.304	1.6	46713.88968	39107.43752	7606.452162	39465	27175	12290	-4684	-0.616
9133	 Consultant - construction manager	6.4	930	130	0.88	0.12	0.129	0.038	3.4	0.129032258	0.038461538	3.35483871	0.548	0.308	1.8	0.855	0.808	1.1	93938.24534	69049.27332	24888.97202	96030	65643	30387	-5498	-0.221
9221	 Consultant - tax accountant	1.7	785	600	0.57	0.43	0.051	0.033	1.5	0.050955414	0.033333333	1.52866242	0.287	0.208	1.4	0.758	0.692	1.1	67105.85852	57128.10481	9977.75371	61621	53407	8214	1764	0.177
9222	 Consultant - financial investment	7	1680	895	0.65	0.35	0.211	0.05	4.2	0.211309524	0.05027933	4.20271164	0.515	0.369	1.4	0.827	0.804	1	120997.3155	71521.83237	49475.48309	117863	72057	45806	3670	0.074
9223	 Consultant - human resources	2.8	2360	4900	0.33	0.67	0.061	0.028	2.2	0.061440678	0.02755102	2.230069052	0.358	0.26	1.4	0.773	0.729	1.1	75651.69816	62526.85236	13124.8458	71742	59931	11812	1313	0.1
9224	 Consultant - management	4.3	10885	5905	0.65	0.35	0.176	0.086	2.1	0.176389527	0.085520745	2.062534963	0.565	0.441	1.3	0.823	0.788	1	104214.9917	78382.56765	25832.42408	102864	77273	25591	241	0.009
9225	 Consultant - marketing and public relations	3.7	1665	2590	0.39	0.61	0.081	0.031	2.6	0.081081081	0.030888031	2.625	0.381	0.247	1.5	0.748	0.678	1.1	78531.93207	59889.33817	18642.5939	72082	55150	16932	1711	0.092
9232	 Consultant - urban and regional planner	4.9	220	135	0.62	0.38	0.114	0.037	3.1	0.113636364	0.037037037	3.068181818	0.523	0.37	1.4	0.864	0.778	1.1	80935.49522	71802.33701	9133.158202	85282	67919	17363	-8230	-0.901
9233	 Consultant - engineering	4.4	4875	565	0.9	0.1	0.164	0.071	2.3	0.164102564	0.07079646	2.317948718	0.61	0.442	1.4	0.876	0.823	1.1	110154.8424	76080.78872	34074.05368	102816	78754	24063	10012	0.294
9234	 Consultant - environmental	3	1025	725	0.59	0.41	0.059	0.021	2.8	0.058536585	0.020689655	2.829268293	0.405	0.262	1.5	0.776	0.745	1	62008.96976	57184.16996	4824.799798	66185	58787	7398	-2574	-0.533
9250	 Consultant - medical	6.6	275	475	0.37	0.63	0.182	0.053	3.5	0.181818182	0.052631579	3.454545455	0.473	0.253	1.9	0.782	0.684	1.1	94700.0745	54788.80289	39911.27161	94223	54602	39621	290	0.007
9251	 Consultant - occupational health and safety	6.2	1065	655	0.62	0.38	0.103	0.031	3.4	0.103286385	0.030534351	3.382629108	0.559	0.344	1.6	0.883	0.794	1.1	83693.43028	70374.19464	13319.23564	92423	66919	25504	-12185	-0.915
9254	 Consultant - clinical nurse	4	65	380	0.15	0.85	0.462	0.289	1.6	0	0	#DIV/0!	0.462	0.289	1.6	0.846	0.789	1.1	71120.29113	62243.52525	8876.765873	80974	62542	18432	-9555	-1.076
9261	 Consultant - IT business analyst	4	11030	3065	0.78	0.22	0.102	0.052	2	0.10199456	0.052202284	1.953833296	0.63	0.493	1.3	0.898	0.838	1.1	103163.4663	85768.31214	17395.15412	103012	82577	20436	-3041	-0.175
9311	 Apprentice or trainee - agricultural or medical technician	1.5	385	130	0.75	0.25	0.052	0.038	1.4	0	0	#DIV/0!	0.052	0.038	1.4	0.299	0.192	1.6	34401.43353	31720.82817	2680.605353	30256	24722	5534	-2853	-1.064
9313	 Apprentice or trainee - information technology technician or telecommunications technical specialist	3.7	570	135	0.81	0.19	0.088	0.037	2.4	0	0	#DIV/0!	0.088	0.037	2.4	0.351	0.222	1.6	39424.39309	43438.97403	-4014.58094	35687	25711	9976	-13991	3.485
9321	 Apprentice or trainee - automotive mechanic or electrician	1.1	10395	275	0.97	0.03	0.028	0.018	1.6	0	0	#DIV/0!	0.028	0.018	1.6	0.244	0.273	0.9	31140.35378	30251.38961	888.9641703	31735	30009	1726	-837	-0.942
9322	 Apprentice or trainee - metal fabrication engineering trades worker	2.3	4860	80	0.98	0.02	0.032	0.063	0.5	0	0	#DIV/0!	0.032	0.063	0.5	0.338	0.313	1.1	34370.73428	42332.98052	-7962.24624	34709	23927	10782	-18745	2.354
9323	 Apprentice or trainee - mechanical trades engineering trades worker	2.3	5185	170	0.97	0.03	0.061	0.029	2.1	0	0	#DIV/0!	0.061	0.029	2.1	0.433	0.412	1.1	37459.72168	37003.89884	455.822846	39842	35097	4744	-4288	-9.408
9324	 Apprentice or trainee - automotive - other	1.3	2740	125	0.96	0.04	0.027	0.04	0.7	0	0	#DIV/0!	0.027	0.04	0.7	0.252	0.16	1.6	31264.03893	29827.71429	1436.324643	31054	24596	6458	-5021	-3.496
9331	" Apprentice or trainee - bricklayer, or carpenter and joiner"	1.5	17580	195	0.99	0.01	0.181	0.128	1.4	0	0	#DIV/0!	0.015	0	#DIV/0!	0.181	0.128	1.4	29221.14551	29991.42208	-770.2765672	28503	24914	3589	-4360	5.66
9332	 Apprentice or trainee - floor finisher	0.2	1360	105	0.93	0.07	0.007	0.048	0.2	0	0	#DIV/0!	0.007	0.048	0.2	0.129	0.19	0.7	28982.72321	7234.935065	21747.78815	24981	23356	1625	20123	0.925
9333	 Apprentice or trainee - tiler or plasterer	1.4	1755	70	0.96	0.04	0.142	0.071	2	0	0	#DIV/0!	0	0	#DIV/0!	0.142	0.071	2	26988.62731	27974.5671	-985.9397875	25691	25103	588	-1574	1.596
9334	 Apprentice or trainee - plumber	2.4	8775	100	0.99	0.01	0.019	0.05	0.4	0	0	#DIV/0!	0.019	0.05	0.4	0.256	0.15	1.7	31331.32157	31487.05411	-155.7325471	31510	19902	11608	-11764	75.539
9341	 Apprentice or trainee - electrician	0	19625	480	0.98	0.02	0.054	0.094	0.6	0	0	#DIV/0!	0.054	0.094	0.6	0.411	0.552	0.7	38849.99054	40093.94805	-1243.957516	39464	44982	-5517	4274	-3.435
9342	 Apprentice or trainee - electronics or telecommunications trades worker	1.6	3230	50	0.98	0.02	0.35	0.3	1.2	0	0	#DIV/0!	0.036	0	#DIV/0!	0.35	0.3	1.2	34823.1014	32306.35844	2516.742962	35728	28644	7084	-4567	-1.815
9351	 Apprentice or trainee - food trades worker	0.3	7910	3210	0.71	0.29	0.001	0.002	0.4	0.000632111	0.001557632	0.405815424	0.004	0.006	0.6	0.202	0.174	1.2	28984.68618	28495.95858	488.7275991	27153	25592	1561	-1072	-2.194
9361	" Apprentice or trainee - animal attendant, trainer or shearer"	1.5	95	540	0.15	0.85	0.053	0.028	1.9	0	0	#DIV/0!	0.053	0.028	1.9	0.263	0.213	1.2	30321.03542	30291.14119	29.89422699	24192	22537	1655	-1625	-54.369
9362	 Apprentice or trainee - horticultural trades worker	1	1650	260	0.86	0.14	0.006	0.019	0.3	0	0	#DIV/0!	0.006	0.019	0.3	0.136	0.135	1	27558.6917	27736.68485	-177.9931453	25492	21390	4102	-4280	24.044
9391	 Apprentice or trainee - hair dresser	4.5	255	3795	0.06	0.94	0.02	0.001	14.9	0.019607843	0.001317523	14.88235294	0.039	0.004	9.9	0.118	0.054	2.2	22655.90685	23234.56369	-578.6568334	20901	21333	-432	-147	0.254
9392	 Apprentice or trainee - printer or graphic artist	1.1	350	105	0.77	0.23	0.043	0.048	0.9	0	0	#DIV/0!	0.043	0.048	0.9	0.429	0.286	1.5	38294.8235	32018.45554	6276.367957	36521	28700	7821	-1545	-0.246
9393	" Apprentice or trainee - textile, clothing or footware trades worker"	0.1	85	45	0.65	0.35	0.118	0.111	1.1	0	0	#DIV/0!	0	0	#DIV/0!	0.118	0.111	1.1	27350.11515	27304.87013	45.24502165	26333	28066	-1733	1778	39.298
9394	 Apprentice or trainee - wood trades worker	3.5	640	110	0.85	0.15	0.188	0.045	4.1	0	0	#DIV/0!	0.016	0	#DIV/0!	0.188	0.045	4.1	29228.73844	30209.29437	-980.5559372	26868	22893	3975	-4955	5.053
9399	 Apprentice or trainee - miscellaneous technicians or trades worker	4.2	560	200	0.74	0.26	0.063	0.025	2.5	0	0	#DIV/0!	0.063	0.025	2.5	0.277	0.175	1.6	33738.54321	31455.53247	2283.010744	33416	20264	13152	-10869	-4.761
9410	 Apprentice or trainee - health and welfare support services	4.7	110	410	0.21	0.79	0.091	0.012	7.5	0	0	#DIV/0!	0.091	0.012	7.5	0.409	0.22	1.9	30033.61299	30208.61604	-175.0030491	27727	22323	5404	-5579	31.88
9420	 Apprentice or trainee - care and community services	4	80	530	0.13	0.87	0.063	0.009	6.6	0	0	#DIV/0!	0.063	0.009	6.6	0.313	0.094	3.3	27966.29314	27928.29808	37.99505257	24207	20987	3220	-3182	-83.744
9431	 Apprentice or trainee - hospitality	1.1	175	305	0.36	0.64	0.029	0.016	1.7	0.028571429	0.016393443	1.742857143	0.029	0.033	0.9	0.171	0.18	1	27691.99507	28114.84727	-422.8521988	21671	21249	423	-846	2
9442	" Consultant, apprentice or trainee - security and correctional services"	1.6	475	100	0.83	0.17	0.032	0.05	0.6	0.031578947	0.05	0.631578947	0.316	0.2	1.6	0.811	0.8	1	68608.24307	55646.54892	12961.69416	68211	55224	12987	-25	-0.002
9451	" Consultant, apprentice or trainee - personal service or travel"	1.9	410	1990	0.17	0.83	0.012	0.008	1.6	0.012195122	0.007537688	1.617886179	0.122	0.058	2.1	0.61	0.465	1.3	56402.59881	43859.47816	12543.12065	45610	36663	8947	3596	0.287
9452	 Apprentice or trainee - sport and recreation	1.3	300	200	0.6	0.4	0.05	0.025	2	0	0	#DIV/0!	0.05	0.025	2	0.15	0.175	0.9	25856.98701	23489.58442	2367.402597	17914	16873	1041	1327	0.56
9510	 Apprentice or trainee - business services	1.7	290	630	0.32	0.68	0.034	0.016	2.2	0.017241379	0.007936508	2.172413793	0.034	0.016	2.2	0.224	0.119	1.9	29940.69017	24966.05363	4974.636535	23508	20445	3063	1911	0.384
9530	 Apprentice or trainee - clerical services	2.1	250	825	0.23	0.77	0.02	0.006	3.3	0.02	0.006060606	3.3	0.08	0.036	2.2	0.3	0.255	1.2	30542.73179	30875.94726	-333.2154749	22498	23219	-721	388	-1.164
9550	 Apprentice or trainee - financial services	2.5	170	225	0.43	0.57	0.088	0.022	4	0	0	#DIV/0!	0.088	0.022	4	0.441	0.289	1.5	31927.30014	33762.70176	-1835.401618	30553	31618	-1065	-771	0.42
9552	 Consultant - insurance (clerical)	5	250	610	0.29	0.71	0.04	0.008	4.9	0.04	0.008196721	4.88	0.2	0.115	1.7	0.78	0.73	1.1	60170.17802	49444.44218	10725.73584	65000	50226	14774	-4048	-0.377
9599	" Consultant, apprentice or trainee - justice and legal services, insurance claims investigation"	1.8	205	350	0.37	0.63	0.195	0.114	1.7	0.024390244	0.014285714	1.707317073	0.195	0.114	1.7	0.756	0.671	1.1	63089.70455	52275.25309	10814.45146	58513	51529	6984	3831	0.354
9611	 Consultant - sales representative (wholesale)	6.1	725	505	0.59	0.41	0.034	0.01	3.5	0.034482759	0.00990099	3.482758621	0.283	0.099	2.9	0.821	0.624	1.3	67261.63246	51020.54927	16241.08319	68578	43823	24755	-8514	-0.524
9612	 Consultant - real estate representative	7.4	910	860	0.51	0.49	0.154	0.029	5.3	0.153846154	0.029069767	5.292307692	0.462	0.174	2.6	0.764	0.61	1.3	95671.6996	55249.55612	40422.14349	93826	53887	39940	483	0.012
9621	 Consultant - sales assistant (retail)	4.2	1755	4215	0.29	0.71	0.017	0.005	3.6	0.017094017	0.004744958	3.602564103	0.114	0.053	2.1	0.627	0.414	1.5	43738.41754	33046.61471	10691.80282	44969	31401	13568	-2876	-0.269
9712	 Apprentice or trainee - miner	0.6	285	60	0.83	0.17	0.298	0.25	1.2	0	0	#DIV/0!	0.298	0.25	1.2	0.719	0.667	1.1	56962.94805	48430.48312	8532.464935	61446	58873	2574	5959	0.698
9730	 Apprentice or trainee - transport and distribution driver	3	120	25	0.83	0.17	0.042	0.2	0.2	0.041666667	0.2	0.208333333	0.167	0.4	0.4	0.583	0.6	1	43590.46254	40514.64286	3075.81968	42152	25649	16503	-13427	-4.365
9741	 Apprentice or trainee - storeperson	3.6	225	230	0.49	0.51	0.044	0.022	2	0	0	#DIV/0!	0.044	0.022	2	0.311	0.065	4.8	32857.48389	29600.46939	3257.014499	24014	12032	11981	-8724	-2.679
9811	 Apprentice or trainee - cleaning services	0.4	405	425	0.49	0.51	0.012	0.024	0.5	0	0	#DIV/0!	0.012	0.024	0.5	0.235	0.188	1.2	32668.36364	25793.39981	6874.963822	22927	19533	3394	3481	0.506
9831	" Apprentice or trainee - food, drink or meat processor"	0.5	85	145	0.37	0.63	0.176	0.138	1.3	0	0	#DIV/0!	0	0	#DIV/0!	0.176	0.138	1.3	36754.44156	27906.74583	8847.695733	21714	20722	992	7856	0.888
9841	" Apprentice or trainee - farm, forestry or garden worker"	3.4	260	85	0.75	0.25	0.192	0.059	3.3	0	0	#DIV/0!	0	0	#DIV/0!	0.192	0.059	3.3	27987.46649	26100.3355	1887.130996	24509	17769	6740	-4853	-2.572
9899	" Apprentice or trainee - deck or fishing hand, or autoglazier"	1.8	245	25	0.91	0.09	0.02	0.2	0.1	0	0	#DIV/0!	0.02	0.2	0.1	0.327	0.4	0.8	34167.732	10330.92208	23836.80992	33125	18236	14889	8948	0.375
TOT	TOTAL	3.3	5232125	4836870	0.52	0.48	0.054	0.012	4.6										66796	46234	20562	66498	42689	23809	-3247	-0.16
