Occupation	index_inches	Gender_dominance_Number_MALE	Gender_dominance_Number_FEMALE	Gender_dominance_%_MALE	Gender_dominance_%_FEMALE	Glass_cieling_%>180k_MALE	Glass_cieling_%>180k_FEMALE	Glass_cieling_RATIO_>180k	Glass_cieling_%>80k_MALE	Glass_cieling_%>80k_FEMALE	Glass_cieling_RATIO_>80k	Real Income_2009_MALE	Real Income_2009_FEMALE	Real Income_2009_DIFF	Real Income_2013_MALE	Real Income_2013_FEMALE	Real Income_2013_DIFF	Progress_DOLLARS	Progress_PERCENT
"Manager or director - type not specified, ATO RDCC"	4.7	1000	200	0.83	0.17	0.1	0.02	5	0.3	0.2	1.5	80000	60000	20000	85000	64000	21000	-1000	-0.05
Chief Executives and Managing Directors	7.7	9406	3195	0.75	0.25	0.13	0.07	1.89	0.48	0.33	1.45	73006	67772	5234	78596	69286	9310	-4076	-0.78
General Managers	1.9	1815	3261	0.36	0.64	0.11	0.05	2.15	0.33	0.27	1.24	83450	60763	22687	89561	61223	28337	-5650	-0.25
Legislators	8.0	10521	6124	0.63	0.37	0.11	0.03	3.49	0.48	0.2	2.34	74596	55194	19402	86135	64910	21225	-1823	-0.09
Farmers and Farm Managers	8.4	1202	4444	0.21	0.79	0.11	0.07	1.72	0.45	0.22	2.03	71167	65752	5416	87775	66787	20988	-15572	-2.88
Aquaculture Farmers	4.3	7595	3559	0.68	0.32	0.13	0.07	2.04	0.38	0.26	1.47	72227	65425	6802	84281	60181	24100	-17298	-2.54
Crop Farmers	2.3	7425	3036	0.71	0.29	0.13	0.04	3.3	0.42	0.45	0.94	84535	55675	28860	79882	64584	15298	13562	0.47
Livestock Farmers	7.6	1608	1170	0.58	0.42	0.15	0.06	2.53	0.43	0.44	1	82954	64951	18004	85747	72087	13660	4344	0.24
Mixed Crop and Livestock Farmers	2.7	7741	6821	0.53	0.47	0.14	0.07	1.99	0.59	0.43	1.39	76280	65723	10557	78330	67030	11299	-743	-0.07
Advertising and Sales Managers	9.1	1969	6499	0.23	0.77	0.14	0.07	2.16	0.33	0.48	0.7	79438	69476	9962	87432	60495	26936	-16975	-1.7
Corporate Services Managers	7.7	3039	6256	0.33	0.67	0.14	0.06	2.22	0.41	0.22	1.87	71269	61669	9600	86887	62766	24122	-14522	-1.51
Finance Managers	2.1	3882	3260	0.54	0.46	0.14	0.03	5.44	0.34	0.38	0.89	76003	69905	6098	87086	70594	16492	-10394	-1.7
Human Resource Managers	6.5	1111	2955	0.27	0.73	0.12	0.03	3.97	0.53	0.36	1.48	77521	55474	22047	83919	70315	13605	8442	0.38
Policy and Planning Managers	5.0	7713	6410	0.55	0.45	0.12	0.04	2.8	0.31	0.48	0.65	79132	63486	15646	76341	68223	8119	7528	0.48
Research and Development Managers	6.0	7807	2709	0.74	0.26	0.13	0.03	4.8	0.59	0.41	1.46	73784	67154	6630	89202	65715	23487	-16857	-2.54
Construction Managers	2.6	7037	5114	0.58	0.42	0.15	0.05	2.95	0.41	0.45	0.9	74446	64596	9850	86898	60648	26250	-16400	-1.66
Engineering Managers	7.3	6519	3966	0.62	0.38	0.13	0.03	4.21	0.48	0.21	2.32	84577	64979	19598	85575	67765	17811	1787	0.09
"Importers, Exporters and Wholesalers"	5.9	4958	5046	0.5	0.5	0.12	0.02	5.64	0.3	0.49	0.62	84766	69399	15367	81553	68236	13316	2050	0.13
Manufacturers	0.3	7179	3701	0.66	0.34	0.11	0.03	3.79	0.55	0.49	1.12	81782	67761	14020	88088	59639	28449	-14429	-1.03
Production Managers	5.6	6495	6792	0.49	0.51	0.13	0.05	2.55	0.32	0.43	0.74	82336	62791	19546	76715	58370	18345	1201	0.06
Supply and Distribution Managers	5.1	9367	4058	0.7	0.3	0.14	0.02	6.73	0.33	0.39	0.86	80864	62094	18771	75380	68035	7346	11425	0.61
Child Care Centre Managers	4.8	7155	6621	0.52	0.48	0.11	0.05	2.28	0.56	0.3	1.85	76038	57563	18475	78633	64931	13703	4773	0.26
Health and Welfare Services Managers	7.9	1170	5565	0.17	0.83	0.11	0.04	2.59	0.58	0.37	1.58	72309	61213	11095	89613	61344	28270	-17174	-1.55
School Principals	8.2	10460	3556	0.75	0.25	0.14	0.05	2.66	0.42	0.45	0.94	84457	59510	24947	81547	70237	11310	13637	0.55
Other Education Managers	2.4	1461	4883	0.23	0.77	0.13	0.04	3.56	0.38	0.44	0.87	81820	69993	11826	78793	70996	7797	4030	0.34
ICT Managers	10.0	2850	6855	0.29	0.71	0.12	0.07	1.71	0.6	0.2	2.98	78384	57112	21272	86460	59883	26577	-5305	-0.25
Commissioned Officers (Management)	1.1	2624	1084	0.71	0.29	0.11	0.03	4.01	0.5	0.33	1.54	75599	66300	9299	77567	59774	17793	-8494	-0.91
Senior Non-commissioned Defence Force Members	0.0	10393	3959	0.72	0.28	0.15	0.02	6.2	0.44	0.28	1.55	76107	64639	11469	77207	65735	11471	-3	0
Other Specialist Managers	6.9	9402	1601	0.85	0.15	0.13	0.05	2.46	0.31	0.47	0.65	82312	59196	23116	83211	71623	11588	11528	0.5
Cafe and Restaurant Managers	9.5	9208	2404	0.79	0.21	0.1	0.03	3.68	0.58	0.41	1.4	71377	56318	15059	87782	72154	15627	-568	-0.04
Caravan Park and Camping Ground Managers	8.5	3028	2297	0.57	0.43	0.15	0.04	3.96	0.4	0.39	1.03	81667	59349	22318	82408	61028	21380	938	0.04
Hotel and Motel Managers	6.2	6829	1033	0.87	0.13	0.13	0.06	2.33	0.57	0.31	1.86	82342	65902	16440	89068	69712	19356	-2917	-0.18
Licensed Club Managers	8.2	10549	1604	0.87	0.13	0.13	0.05	2.85	0.46	0.24	1.93	82064	68870	13193	79435	68010	11424	1769	0.13
Other Accommodation and Hospitality Managers	8.3	5792	6373	0.48	0.52	0.13	0.03	5.15	0.38	0.2	1.84	81290	64363	16927	83270	59058	24212	-7285	-0.43
Retail Managers	5.9	10205	2454	0.81	0.19	0.11	0.04	2.43	0.34	0.41	0.82	74808	55843	18965	81825	71888	9937	9028	0.48
"Amusement, Fitness and Sports Centre Managers"	9.9	2826	3364	0.46	0.54	0.1	0.03	3.53	0.41	0.2	2.06	73882	57118	16764	79150	68423	10727	6036	0.36
Call or Contact Centre and Customer Service Managers	8.2	10278	2970	0.78	0.22	0.11	0.05	2.02	0.36	0.25	1.41	74657	60096	14562	80690	70919	9772	4790	0.33
Conference and Event Organisers	9.5	8927	2647	0.77	0.23	0.14	0.04	3.96	0.41	0.44	0.93	75419	69801	5618	88397	71563	16833	-11216	-2
Transport Services Managers	5.5	9186	4699	0.66	0.34	0.12	0.04	2.91	0.42	0.37	1.13	80159	56318	23842	86019	68577	17441	6400	0.27
"Other Hospitality, Retail and Service Managers"	7.3	8930	1907	0.82	0.18	0.12	0.03	4.3	0.49	0.43	1.15	82596	59471	23124	78950	69197	9753	13371	0.58
"Actors, Dancers and Other Entertainers"	0.7	8872	3429	0.72	0.28	0.14	0.04	3.51	0.35	0.22	1.62	70936	57896	13040	82898	58388	24510	-11471	-0.88
Music Professionals	1.9	5344	5884	0.48	0.52	0.14	0.04	3.44	0.51	0.26	1.95	78495	65979	12516	88027	58735	29291	-16776	-1.34
Photographers	8.2	10698	2095	0.84	0.16	0.15	0.03	4.79	0.59	0.5	1.19	76156	62733	13423	82175	61816	20359	-6936	-0.52
Visual Arts and Crafts Professionals	5.3	1978	5504	0.26	0.74	0.14	0.06	2.26	0.36	0.26	1.36	70264	55636	14629	76254	66013	10241	4388	0.3
Media Professionals	5.0	9461	4340	0.69	0.31	0.1	0.07	1.46	0.42	0.39	1.07	77694	64970	12724	78601	71145	7456	5268	0.41
"Artistic Directors, and Media Producers and Presenters"	7.9	5605	3570	0.61	0.39	0.13	0.03	4.91	0.39	0.43	0.92	83648	64403	19245	82753	70708	12045	7200	0.37
"Authors, and Book and Script Editors"	8.4	8616	2707	0.76	0.24	0.12	0.07	1.75	0.5	0.21	2.4	75658	59555	16102	86092	60609	25483	-9380	-0.58
"Film, Television, Radio and Stage Directors"	6.6	10749	6374	0.63	0.37	0.13	0.04	3.47	0.35	0.24	1.44	80317	63219	17098	76989	66977	10011	7087	0.41
Journalists and Other Writers	8.5	3630	6495	0.36	0.64	0.12	0.03	4.14	0.45	0.33	1.37	73870	63610	10260	75855	61964	13891	-3632	-0.35
Accountants	1.3	7556	5170	0.59	0.41	0.12	0.07	1.77	0.36	0.3	1.17	77150	59779	17371	85012	65488	19524	-2153	-0.12
"Auditors, Company Secretaries and Corporate Treasurers"	5.9	6163	2508	0.71	0.29	0.13	0.07	1.96	0.57	0.22	2.58	70445	59616	10829	87888	60462	27426	-16597	-1.53
"Financial Brokers and Dealers, and Investment Advisers"	4.5	9944	2471	0.8	0.2	0.14	0.06	2.16	0.52	0.29	1.82	82065	66034	16031	86069	58970	27098	-11067	-0.69
Financial Brokers	3.2	5702	6287	0.48	0.52	0.13	0.03	3.92	0.39	0.44	0.89	84446	57336	27110	86669	61756	24913	2197	0.08
Financial Dealers	0.3	2527	6992	0.27	0.73	0.12	0.06	1.93	0.58	0.38	1.51	77761	61347	16414	79313	72178	7135	9279	0.57
Financial Investment Advisers and Managers	3.6	10623	1782	0.86	0.14	0.12	0.04	3.09	0.55	0.37	1.51	72574	55467	17107	77409	72757	4651	12456	0.73
Human Resource Professionals	3.2	9182	1571	0.85	0.15	0.11	0.04	2.38	0.43	0.34	1.27	79841	55011	24830	83406	63362	20044	4786	0.19
ICT Trainers	3.9	1794	5937	0.23	0.77	0.14	0.05	2.88	0.5	0.24	2.12	70655	68231	2424	84143	71805	12338	-9915	-4.09
Training and Development Professionals	3.3	5811	2434	0.7	0.3	0.14	0.06	2.51	0.32	0.2	1.61	81199	60624	20575	86295	69055	17240	3334	0.16
"Actuaries, Mathematicians and Statisticians"	4.2	1513	1886	0.45	0.55	0.11	0.05	2.11	0.57	0.38	1.52	80750	67605	13145	75778	61852	13925	-780	-0.06
"Archivists, Curators and Records Managers"	7.8	2521	5464	0.32	0.68	0.11	0.06	1.75	0.57	0.26	2.2	73473	55891	17582	80287	65458	14828	2754	0.16
Economists	1.3	8611	2019	0.81	0.19	0.14	0.05	2.6	0.31	0.38	0.81	70020	60796	9224	85415	59082	26333	-17108	-1.85
Intelligence and Policy Analysts	8.3	7921	6631	0.54	0.46	0.15	0.06	2.56	0.41	0.38	1.08	77477	60019	17458	82412	59731	22681	-5223	-0.3
Land Economists and Valuers	4.0	7068	2192	0.76	0.24	0.14	0.04	3.81	0.39	0.49	0.81	77904	65486	12418	86964	72060	14904	-2486	-0.2
Librarians	0.9	6279	4559	0.58	0.42	0.13	0.04	3.05	0.33	0.44	0.75	77156	62932	14224	82940	59161	23779	-9555	-0.67
Management and Organisation Analysts	3.4	5843	4451	0.57	0.43	0.15	0.05	3.31	0.51	0.47	1.09	81751	68192	13559	89227	60412	28814	-15255	-1.13
Other Information and Organisation Professionals	6.0	4505	6052	0.43	0.57	0.12	0.06	2.15	0.49	0.26	1.92	70709	64267	6442	80677	62040	18637	-12195	-1.89
Advertising and Marketing Professionals	3.4	8033	4607	0.64	0.36	0.11	0.06	1.78	0.49	0.22	2.26	81454	60967	20487	78342	63809	14533	5954	0.29
ICT Sales Professionals	8.1	4967	6015	0.45	0.55	0.14	0.02	6.03	0.32	0.42	0.76	84390	58908	25483	85244	65081	20163	5320	0.21
Public Relations Professionals	2.4	8075	1352	0.86	0.14	0.1	0.04	2.75	0.5	0.42	1.2	73061	57099	15961	89031	66921	22111	-6149	-0.39
Technical Sales Representatives	1.6	5951	6054	0.5	0.5	0.14	0.04	3.45	0.53	0.3	1.76	77855	68256	9599	76564	64042	12522	-2924	-0.3
"Design, Engineering, Science and Transport Professionals. Design engineer - type not specified, ATO RDCC"	9.0	9471	6367	0.6	0.4	0.14	0.07	1.97	0.36	0.43	0.85	73493	65766	7727	83097	62425	20672	-12946	-1.68
Air Transport Professionals	1.4	8539	3472	0.71	0.29	0.14	0.03	4.16	0.4	0.3	1.36	70907	58147	12760	84654	66013	18640	-5880	-0.46
Marine Transport Professionals	7.4	3128	2455	0.56	0.44	0.15	0.04	3.36	0.33	0.45	0.74	82903	57057	25847	89885	58377	31508	-5661	-0.22
"Architects, Designers, Planners and Surveyors"	9.8	9262	1413	0.87	0.13	0.12	0.05	2.62	0.31	0.4	0.76	74679	64480	10198	77627	70023	7604	2595	0.25
Architects and Landscape Architects	8.3	5334	6826	0.44	0.56	0.15	0.06	2.29	0.32	0.47	0.68	81035	63167	17868	79120	63236	15884	1984	0.11
Cartographers and Surveyors	4.2	5793	1861	0.76	0.24	0.15	0.04	3.48	0.51	0.46	1.1	76199	66390	9810	86314	63730	22584	-12774	-1.3
"Fashion, Industrial and Jewellery Designers"	1.1	8486	6610	0.56	0.44	0.14	0.04	3.75	0.51	0.25	2.06	83355	56894	26461	86043	68932	17111	9349	0.35
"Graphic and Web Designers, and Illustrators"	5.0	9902	2050	0.83	0.17	0.14	0.06	2.42	0.4	0.23	1.74	75805	66326	9479	84383	61791	22591	-13112	-1.38
Interior Designers	6.8	2001	4512	0.31	0.69	0.15	0.04	3.95	0.31	0.38	0.83	81251	65803	15449	89683	61682	28002	-12553	-0.81
Urban and Regional Planners	5.2	8208	2995	0.73	0.27	0.13	0.03	3.73	0.47	0.41	1.14	74867	65254	9613	79902	71994	7908	1705	0.18
Engineering Professionals	2.2	9438	3283	0.74	0.26	0.13	0.06	2.38	0.52	0.2	2.54	84376	55751	28625	79054	68606	10449	18177	0.63
Chemical and Materials Engineers	9.1	7161	3081	0.7	0.3	0.13	0.03	4.28	0.57	0.33	1.71	74210	60557	13653	77553	59674	17879	-4226	-0.31
Civil Engineering Professionals	1.1	2787	5924	0.32	0.68	0.13	0.03	4.96	0.53	0.25	2.11	76734	56569	20165	77279	60381	16898	3268	0.16
Electrical Engineers	8.9	6326	2571	0.71	0.29	0.15	0.05	2.91	0.34	0.45	0.76	83604	58953	24651	78854	61023	17831	6820	0.28
Electronics Engineers	4.2	8434	3606	0.7	0.3	0.1	0.05	1.99	0.44	0.34	1.3	82038	58172	23865	89268	68030	21238	2628	0.11
"Industrial, Mechanical and Production Engineers"	7.5	4436	5299	0.46	0.54	0.14	0.03	5.73	0.38	0.25	1.51	76785	69069	7716	86624	60006	26619	-18903	-2.45
Mining Engineers	5.7	3396	6721	0.34	0.66	0.12	0.05	2.47	0.5	0.25	1.98	78708	56539	22169	80938	64563	16375	5794	0.26
Other Engineering Professionals	4.6	1199	6706	0.15	0.85	0.13	0.06	1.98	0.48	0.47	1.02	76853	62810	14043	80901	71265	9636	4407	0.31
Natural and Physical Science Professionals	1.0	3242	5304	0.38	0.62	0.11	0.06	1.7	0.5	0.41	1.22	74842	57011	17831	85973	61277	24695	-6864	-0.38
Agricultural and Forestry Scientists	4.9	3612	2710	0.57	0.43	0.11	0.04	2.52	0.32	0.47	0.68	80490	57973	22517	79717	63373	16343	6174	0.27
"Chemists, and Food and Wine Scientists"	7.1	1518	4171	0.27	0.73	0.11	0.04	2.94	0.39	0.47	0.81	82305	60985	21320	78101	71790	6311	15009	0.7
Environmental Scientists	5.3	4308	3108	0.58	0.42	0.13	0.06	2.28	0.48	0.41	1.18	84686	61748	22938	86667	59944	26723	-3785	-0.17
Geologists and Geophysicists	3.5	6802	4682	0.59	0.41	0.11	0.05	2.09	0.55	0.25	2.22	80304	56811	23494	89440	67395	22045	1449	0.06
Life Scientists	6.0	1196	1895	0.39	0.61	0.15	0.02	6.19	0.56	0.27	2.08	78682	60615	18067	78378	64414	13964	4103	0.23
Medical Laboratory Scientists	4.6	4180	3717	0.53	0.47	0.15	0.03	4.96	0.45	0.37	1.23	77269	69735	7534	79846	59783	20064	-12529	-1.66
Veterinarians	6.2	6609	3089	0.68	0.32	0.15	0.04	3.96	0.4	0.28	1.42	71707	67477	4230	81456	64791	16664	-12434	-2.94
Other Natural and Physical Science Professionals	3.4	8522	6138	0.58	0.42	0.14	0.04	3.79	0.3	0.46	0.66	79257	55634	23623	89944	70741	19203	4420	0.19
Education Professionals	3.4	10385	1451	0.88	0.12	0.15	0.05	3.19	0.45	0.22	2.03	72964	67820	5144	79031	59605	19426	-14282	-2.78
School Teachers	5.2	4109	2840	0.59	0.41	0.12	0.06	2.08	0.31	0.39	0.8	84950	62855	22095	81197	65008	16189	5906	0.27
Early Childhood (Pre-primary School) Teachers	8.5	4815	2244	0.68	0.32	0.1	0.05	2.18	0.53	0.21	2.49	83523	57851	25672	77892	68845	9047	16625	0.65
Primary School Teachers	8.3	1925	5500	0.26	0.74	0.13	0.07	1.86	0.58	0.31	1.87	75096	65884	9212	82107	72683	9424	-212	-0.02
Middle School Teachers (Aus) / Intermediate School Teachers (NZ)	9.1	3274	6072	0.35	0.65	0.12	0.04	2.81	0.33	0.29	1.14	79841	63910	15931	76016	71174	4842	11089	0.7
Secondary School Teachers	3.7	4503	4507	0.5	0.5	0.14	0.05	2.84	0.54	0.26	2.08	70223	55782	14441	79006	68175	10831	3609	0.25
Special Education Teachers	6.5	7925	1446	0.85	0.15	0.14	0.05	2.85	0.4	0.42	0.94	71278	63394	7883	83876	64170	19706	-11822	-1.5
"Teacher - other school, ATO"	5.1	9146	6092	0.6	0.4	0.11	0.07	1.53	0.42	0.22	1.89	84825	57632	27192	76386	61920	14466	12727	0.47
University Lecturers and Tutors	7.0	8832	6809	0.56	0.44	0.1	0.06	1.63	0.49	0.33	1.47	77620	65581	12039	89478	59177	30301	-18262	-1.52
Vocational Education Teachers (Aus) / Polytechnic Teachers (NZ)	9.5	4936	5380	0.48	0.52	0.11	0.02	5.18	0.46	0.29	1.59	79707	57816	21890	79247	66089	13157	8733	0.4
Education Advisers and Reviewers	6.7	7402	4287	0.63	0.37	0.15	0.02	6.55	0.51	0.47	1.08	81128	62888	18240	81125	59415	21710	-3470	-0.19
Private Tutors and Teachers	6.4	1331	2532	0.34	0.66	0.11	0.06	1.89	0.49	0.43	1.14	76947	65288	11660	84194	67193	17001	-5342	-0.46
Teachers of English to Speakers of Other Languages	2.9	7930	1985	0.8	0.2	0.13	0.03	4.85	0.53	0.28	1.87	71239	57232	14007	85320	64212	21108	-7101	-0.51
Dietitians	9.6	4558	5878	0.44	0.56	0.15	0.03	4.32	0.44	0.48	0.91	82697	59456	23241	87925	72894	15031	8211	0.35
Medical Imaging Professionals	0.1	9454	4764	0.66	0.34	0.11	0.04	3.06	0.34	0.48	0.71	72257	63673	8584	79191	61532	17658	-9074	-1.06
Occupational and Environmental Health Professionals	1.3	5727	2677	0.68	0.32	0.11	0.04	2.93	0.51	0.45	1.12	73917	65737	8180	86826	61976	24849	-16670	-2.04
Optometrists and Orthoptists	1.4	3618	4588	0.44	0.56	0.13	0.05	2.39	0.36	0.28	1.27	80855	65271	15583	79554	71552	8002	7581	0.49
Pharmacists	2.6	7237	1616	0.82	0.18	0.11	0.02	5.11	0.37	0.23	1.6	77279	61635	15644	80430	63070	17360	-1716	-0.11
Other Health Diagnostic and Promotion Professionals	7.7	7231	1864	0.8	0.2	0.13	0.04	3.53	0.59	0.3	1.93	82590	63765	18825	76783	64914	11869	6956	0.37
Chiropractors and Osteopaths	4.9	7646	2662	0.74	0.26	0.12	0.07	1.84	0.4	0.35	1.14	73687	60360	13327	83627	62182	21446	-8119	-0.61
Complementary Health Therapists	7.3	4479	6397	0.41	0.59	0.12	0.03	3.95	0.31	0.49	0.63	76964	67787	9177	77662	67560	10102	-924	-0.1
Dental Practitioners	7.0	3781	3824	0.5	0.5	0.13	0.03	4.46	0.35	0.44	0.81	82549	63322	19227	82720	70910	11810	7417	0.39
Occupational Therapists	1.4	9608	3133	0.75	0.25	0.14	0.03	4.99	0.49	0.39	1.25	74005	61434	12571	77761	60052	17709	-5138	-0.41
Physiotherapists	7.3	9040	3685	0.71	0.29	0.1	0.02	4.35	0.58	0.47	1.23	72975	64462	8513	79667	58588	21080	-12567	-1.48
Podiatrists	7.2	2639	2540	0.51	0.49	0.15	0.06	2.43	0.37	0.23	1.64	76601	63368	13233	87726	59207	28520	-15287	-1.16
Speech Professionals and Audiologists	4.3	1408	1307	0.52	0.48	0.12	0.03	4.58	0.44	0.39	1.13	81387	64370	17017	82176	61887	20289	-3272	-0.19
Medical Practitioners	2.8	8484	6157	0.58	0.42	0.1	0.03	3.22	0.34	0.38	0.9	84784	57917	26867	80289	65983	14306	12561	0.47
Generalist Medical Practitioners	4.8	8137	2633	0.76	0.24	0.12	0.06	1.98	0.59	0.27	2.19	73002	59240	13762	82779	63215	19564	-5803	-0.42
Anaesthetists	4.2	2135	1335	0.62	0.38	0.1	0.05	1.89	0.41	0.44	0.93	84127	69820	14307	79822	67461	12361	1947	0.14
Internal Medicine Specialists	0.3	8375	5800	0.59	0.41	0.15	0.03	5.35	0.44	0.32	1.39	72045	58899	13146	84490	69143	15346	-2200	-0.17
Psychiatrists	5.0	7923	6802	0.54	0.46	0.12	0.02	5.08	0.57	0.48	1.18	78765	69987	8778	88654	62716	25937	-17159	-1.95
Surgeons	8.2	10071	3060	0.77	0.23	0.14	0.03	4.57	0.59	0.4	1.48	74907	58758	16149	77875	69027	8848	7301	0.45
Other Medical Practitioners	8.5	4230	5024	0.46	0.54	0.11	0.03	3.78	0.44	0.29	1.5	82294	55312	26982	79848	68027	11822	15160	0.56
Midwifery and Nursing Professionals	5.8	6722	3479	0.66	0.34	0.15	0.04	3.54	0.59	0.32	1.86	70504	68746	1759	81450	61709	19741	-17982	-10.23
Midwives	4.3	7659	6186	0.55	0.45	0.1	0.07	1.49	0.35	0.34	1.01	79656	66877	12779	78107	71455	6651	6127	0.48
Nurse Educators and Researchers	8.7	4641	2452	0.65	0.35	0.14	0.07	2.08	0.43	0.47	0.91	80024	63123	16901	78566	63945	14621	2279	0.13
Nurse Managers	9.9	3091	2119	0.59	0.41	0.15	0.03	4.99	0.44	0.47	0.93	80061	56550	23511	86761	71640	15121	8390	0.36
Registered Nurses	8.8	5693	4536	0.56	0.44	0.12	0.02	5.29	0.59	0.21	2.82	81773	69168	12605	88148	59126	29021	-16417	-1.3
ICT Professionals	1.5	8182	6157	0.57	0.43	0.15	0.06	2.41	0.31	0.32	0.96	77601	61045	16556	85008	69143	15865	691	0.04
"Business and Systems Analysts, and Programmers"	5.5	6450	5278	0.55	0.45	0.14	0.04	3.14	0.59	0.23	2.58	76316	63932	12384	78154	65718	12436	-52	0
ICT Business and Systems Analysts	3.2	4944	6322	0.44	0.56	0.11	0.05	2.22	0.37	0.41	0.92	84867	64750	20117	75824	60390	15434	4683	0.23
Multimedia Specialists and Web Developers	2.4	8997	5069	0.64	0.36	0.13	0.03	4.12	0.56	0.35	1.6	79248	63526	15721	76073	67967	8107	7614	0.48
Software and Applications Programmers	3.1	3631	1211	0.75	0.25	0.14	0.06	2.48	0.57	0.4	1.42	77162	55246	21916	77699	70618	7081	14835	0.68
"Database and Systems Administrators, and ICT Security Specialists"	2.3	8885	4781	0.65	0.35	0.15	0.05	2.85	0.45	0.35	1.3	80027	62895	17132	81953	59639	22315	-5182	-0.3
Computer Network Professionals	8.7	4654	1194	0.8	0.2	0.15	0.07	2.2	0.48	0.45	1.07	72024	64684	7340	86171	69924	16247	-8907	-1.21
ICT Support and Test Engineers	5.6	8238	2451	0.77	0.23	0.12	0.07	1.79	0.37	0.41	0.9	72011	69952	2059	77063	59498	17565	-15507	-7.53
Telecommunications Engineering Professionals	3.5	2239	2814	0.44	0.56	0.15	0.03	4.22	0.44	0.33	1.32	83356	59731	23625	83047	64038	19009	4616	0.2
Barristers	7.3	4211	3633	0.54	0.46	0.11	0.07	1.63	0.6	0.43	1.41	83295	57467	25828	88031	71329	16702	9126	0.35
Judicial and Other Legal Professionals	5.6	6861	5715	0.55	0.45	0.11	0.06	1.84	0.46	0.24	1.89	78137	57103	21034	77510	63431	14079	6955	0.33
Solicitors	3.9	3859	4632	0.45	0.55	0.12	0.05	2.18	0.33	0.48	0.68	84717	57339	27378	79227	67053	12174	15205	0.56
Counsellors	6.1	1659	4854	0.25	0.75	0.13	0.06	2.03	0.52	0.38	1.37	84345	63584	20761	79388	61139	18249	2512	0.12
Ministers of Religion	8.2	4774	6716	0.42	0.58	0.13	0.04	3.18	0.43	0.45	0.96	72113	62474	9640	81144	68745	12399	-2759	-0.29
Psychologists	5.7	8805	6926	0.56	0.44	0.13	0.04	3.28	0.41	0.24	1.69	78877	59315	19562	78765	58602	20163	-600	-0.03
Social Professionals	0.6	1976	6135	0.24	0.76	0.12	0.04	3.09	0.36	0.46	0.77	81236	67270	13966	86948	59585	27362	-13396	-0.96
Social Workers	6.3	4240	6401	0.4	0.6	0.13	0.04	2.91	0.56	0.43	1.31	73864	67023	6841	76825	70207	6618	223	0.03
"Welfare, Recreation and Community Arts Workers"	5.3	4738	2062	0.7	0.3	0.11	0.06	1.81	0.4	0.35	1.17	83379	58106	25273	86737	62675	24062	1211	0.05
Agricultural Technicians	9.7	9946	3308	0.75	0.25	0.11	0.03	4.39	0.33	0.42	0.77	78144	65495	12650	88484	71138	17346	-4696	-0.37
Medical Technicians	1.6	9001	5898	0.6	0.4	0.12	0.06	1.98	0.35	0.32	1.09	72078	64888	7190	85729	72552	13177	-5987	-0.83
Primary Products Inspectors	2.8	3936	1295	0.75	0.25	0.13	0.03	4.45	0.32	0.38	0.85	74160	63582	10578	80434	72311	8124	2454	0.23
Science Technicians	7.5	6117	2353	0.72	0.28	0.12	0.04	2.83	0.43	0.22	1.98	84315	60730	23585	84183	65093	19090	4495	0.19
Building and Engineering Technicians	9.1	8670	1514	0.85	0.15	0.15	0.04	4.2	0.6	0.42	1.44	77251	58511	18740	76688	62735	13954	4786	0.26
"Architectural, Building and Surveying Technicians"	8.2	7646	2474	0.76	0.24	0.13	0.06	2.19	0.59	0.23	2.56	81058	59465	21593	77268	63586	13682	7912	0.37
Civil Engineering Draftspersons and Technicians	4.6	2846	4652	0.38	0.62	0.14	0.05	2.5	0.57	0.36	1.57	74793	65565	9229	80825	67863	12963	-3734	-0.4
Electrical Engineering Draftspersons and Technicians	4.2	8961	1394	0.87	0.13	0.11	0.02	4.54	0.45	0.37	1.23	75268	66386	8882	83997	61325	22672	-13791	-1.55
Electronic Engineering Draftspersons and Technicians	9.3	7524	1149	0.87	0.13	0.12	0.07	1.78	0.47	0.39	1.2	81822	67447	14375	88548	72328	16221	-1845	-0.13
Mechanical Engineering Draftspersons and Technicians	10.0	3417	6539	0.34	0.66	0.1	0.06	1.79	0.52	0.37	1.42	72658	69848	2810	87639	66689	20949	-18139	-6.45
Safety Inspectors	1.9	7150	1616	0.82	0.18	0.12	0.05	2.29	0.45	0.41	1.1	84039	60172	23867	88766	62705	26061	-2194	-0.09
Other Building and Engineering Technicians	9.7	5542	4139	0.57	0.43	0.14	0.04	3.8	0.54	0.28	1.9	72454	65327	7126	81552	67641	13911	-6784	-0.95
ICT Support Technicians	6.0	8352	3896	0.68	0.32	0.12	0.05	2.66	0.56	0.24	2.35	80167	61205	18962	88594	70449	18145	817	0.04
Telecommunications Technical Specialists	6.0	2048	5143	0.28	0.72	0.1	0.03	3.55	0.58	0.43	1.35	72070	69515	2555	87694	63937	23757	-21202	-8.3
Automotive Electricians	8.0	1421	4141	0.26	0.74	0.15	0.03	5.88	0.59	0.46	1.29	78589	67977	10612	85294	58208	27086	-16474	-1.55
Motor Mechanics	2.5	1393	2179	0.39	0.61	0.15	0.03	5.84	0.46	0.21	2.18	70980	58622	12357	81933	72318	9616	2742	0.22
"Metal Casting, Forging and Finishing Trades Workers"	2.5	3725	2762	0.57	0.43	0.13	0.04	3.79	0.41	0.46	0.89	80348	67756	12592	84456	66559	17896	-5304	-0.42
Sheetmetal Trades Workers	6.3	4202	5344	0.44	0.56	0.13	0.02	5.44	0.46	0.45	1.01	70333	58276	12057	79554	68283	11271	786	0.07
Structural Steel and Welding Trades Workers	8.9	7014	4015	0.64	0.36	0.1	0.07	1.54	0.31	0.36	0.87	80583	59217	21366	81941	68748	13192	8174	0.38
Aircraft Maintenance Engineers	5.8	6527	4327	0.6	0.4	0.1	0.04	2.65	0.47	0.32	1.47	83610	60593	23017	85499	60386	25113	-2096	-0.09
Metal Fitters and Machinists	2.6	7494	2088	0.78	0.22	0.12	0.03	4.64	0.46	0.44	1.06	74760	59289	15472	75491	72470	3021	12451	0.8
Precision Metal Trades Workers	7.1	10195	1445	0.88	0.12	0.13	0.03	5.19	0.42	0.47	0.9	83491	68375	15117	76585	64170	12415	2702	0.18
Toolmakers and Engineering Patternmakers	2.5	8619	6921	0.55	0.45	0.13	0.05	2.38	0.46	0.44	1.04	70147	65623	4524	79448	60179	19269	-14745	-3.26
Panelbeaters	8.2	10788	2553	0.81	0.19	0.11	0.06	1.84	0.46	0.27	1.7	71683	56751	14932	80673	58555	22118	-7185	-0.48
Vehicle Body Builders and Trimmers	0.1	6033	5533	0.52	0.48	0.13	0.07	1.89	0.45	0.41	1.09	81497	55887	25611	82866	59508	23358	2252	0.09
Vehicle Painters	2.8	7514	1871	0.8	0.2	0.12	0.05	2.35	0.31	0.28	1.12	79971	58498	21473	79440	67116	12325	9149	0.43
Bricklayers and Stonemasons	2.6	9605	4760	0.67	0.33	0.12	0.05	2.65	0.36	0.22	1.61	72548	67147	5400	82716	63139	19577	-14177	-2.63
Carpenters and Joiners	6.8	10163	1811	0.85	0.15	0.14	0.03	4.15	0.49	0.23	2.07	73695	57060	16635	78551	61686	16865	-230	-0.01
Floor Finishers	5.4	9647	3095	0.76	0.24	0.15	0.03	5.4	0.33	0.24	1.41	72056	61972	10084	78233	67340	10892	-808	-0.08
Painting Trades Workers	2.6	9573	1296	0.88	0.12	0.12	0.02	4.91	0.37	0.35	1.05	77231	65671	11560	79241	69998	9243	2316	0.2
Glaziers	7.4	6508	4944	0.57	0.43	0.12	0.04	2.78	0.57	0.32	1.8	74114	63776	10338	78166	69542	8624	1714	0.17
Plasterers	5.8	8004	4412	0.64	0.36	0.11	0.06	1.9	0.51	0.27	1.93	83928	61008	22920	79636	68661	10975	11945	0.52
Roof Tilers	3.4	4129	2928	0.59	0.41	0.1	0.05	1.97	0.44	0.28	1.59	83213	66129	17085	78996	58298	20697	-3613	-0.21
Wall and Floor Tilers	2.0	1401	2707	0.34	0.66	0.15	0.03	5.09	0.35	0.47	0.75	71149	55384	15765	77135	63578	13557	2207	0.14
Plumbers	7.0	8183	3609	0.69	0.31	0.14	0.03	5.77	0.59	0.43	1.37	70632	61636	8996	86328	67607	18722	-9725	-1.08
Electricians	8.1	2361	4459	0.35	0.65	0.11	0.06	1.74	0.52	0.33	1.6	77012	65995	11017	76725	62619	14107	-3090	-0.28
Airconditioning and Refrigeration Mechanics	3.8	6342	4505	0.58	0.42	0.15	0.06	2.27	0.43	0.45	0.97	82069	66876	15192	79365	71326	8039	7153	0.47
Electrical Distribution Trades Workers	0.9	5429	3598	0.6	0.4	0.12	0.07	1.68	0.52	0.29	1.79	82477	57767	24710	79597	63278	16319	8391	0.34
Electronics Trades Workers	8.6	5159	5682	0.48	0.52	0.13	0.03	5.04	0.42	0.44	0.95	83480	59427	24053	80424	59114	21310	2743	0.11
Telecommunications Trades Workers	1.5	3137	5525	0.36	0.64	0.15	0.03	5.15	0.6	0.22	2.71	82363	66994	15369	88900	66935	21965	-6596	-0.43
Bakers and Pastrycooks	3.7	1442	5237	0.22	0.78	0.15	0.03	4.86	0.55	0.2	2.76	73426	59660	13766	77194	64688	12506	1260	0.09
Butchers and Smallgoods Makers	1.7	8353	4879	0.63	0.37	0.15	0.05	3.22	0.43	0.25	1.69	79467	63672	15795	75871	66762	9109	6686	0.42
Chefs	6.6	8498	3468	0.71	0.29	0.13	0.04	2.89	0.52	0.43	1.22	71063	69912	1150	78746	65958	12788	-11638	-10.12
Cooks	6.3	1202	3748	0.24	0.76	0.13	0.03	3.7	0.59	0.46	1.3	79398	63787	15611	77127	70770	6356	9254	0.59
Animal Attendants and Trainers	5.7	6601	2612	0.72	0.28	0.13	0.05	2.69	0.53	0.42	1.26	79367	67975	11392	75072	62929	12144	-751	-0.07
Shearers	6.6	10540	1984	0.84	0.16	0.14	0.05	2.85	0.37	0.24	1.53	73179	65704	7475	89136	62395	26741	-19266	-2.58
Veterinary Nurses	9.4	4552	6367	0.42	0.58	0.1	0.04	2.59	0.36	0.33	1.08	78093	58381	19712	81941	58809	23132	-3420	-0.17
Florists	2.0	6984	5849	0.54	0.46	0.14	0.04	3.32	0.52	0.42	1.22	78406	68381	10024	81682	71601	10081	-57	-0.01
Gardeners	9.7	2088	6654	0.24	0.76	0.1	0.04	2.53	0.55	0.32	1.75	80640	56344	24296	87780	59502	28277	-3981	-0.16
Greenkeepers	5.4	4757	3675	0.56	0.44	0.13	0.05	2.83	0.53	0.28	1.86	81850	66294	15556	83970	64065	19905	-4349	-0.28
Nurserypersons	3.2	8134	2370	0.77	0.23	0.13	0.03	3.92	0.41	0.48	0.85	78046	69422	8623	89829	60501	29328	-20705	-2.4
Hairdressers	1.9	4457	5633	0.44	0.56	0.13	0.03	5.35	0.55	0.2	2.7	71515	60000	11515	87282	72577	14705	-3191	-0.28
Printing Trades Workers	0.9	5395	1421	0.79	0.21	0.13	0.04	3.59	0.37	0.23	1.57	80286	64156	16130	82435	63626	18809	-2679	-0.17
"Binders, Finishers and Screen Printers"	9.3	4932	4551	0.52	0.48	0.13	0.03	4.86	0.34	0.27	1.26	82981	64103	18878	76764	66589	10176	8702	0.46
Graphic Pre-press Trades Workers	10.0	9306	1978	0.82	0.18	0.13	0.05	2.66	0.45	0.36	1.23	78450	59752	18698	83311	70570	12741	5957	0.32
Printers	4.6	10625	5973	0.64	0.36	0.15	0.02	6.23	0.6	0.27	2.18	75469	68017	7451	77830	65766	12064	-4613	-0.62
Canvas and Leather Goods Makers	5.9	1534	3252	0.32	0.68	0.11	0.06	1.75	0.38	0.44	0.86	77721	65172	12548	83712	64531	19181	-6633	-0.53
Clothing Trades Workers	1.2	2180	4677	0.32	0.68	0.11	0.04	3.17	0.49	0.31	1.55	72987	61902	11085	86412	61416	24996	-13911	-1.25
Upholsterers	4.4	3615	3352	0.52	0.48	0.14	0.04	3.37	0.42	0.29	1.48	77531	64476	13055	82429	58774	23655	-10600	-0.81
Cabinetmakers	5.0	4086	3023	0.57	0.43	0.15	0.07	2.14	0.45	0.45	1.01	70398	55583	14815	77748	68860	8888	5927	0.4
Wood Machinists and Other Wood Trades Workers	2.2	10079	2624	0.79	0.21	0.12	0.03	4.42	0.5	0.22	2.29	71479	63869	7610	84139	70933	13206	-5596	-0.74
Boat Builders and Shipwrights	6.4	2957	4818	0.38	0.62	0.14	0.03	4.97	0.34	0.46	0.75	80470	63760	16710	82876	65128	17748	-1038	-0.06
"Chemical, Gas, Petroleum and Power Generation Plant Operators"	5.6	6438	5259	0.55	0.45	0.13	0.07	1.89	0.44	0.26	1.71	80525	66244	14281	80557	62896	17661	-3380	-0.24
"Gallery, Library and Museum Technicians"	8.4	3372	5268	0.39	0.61	0.12	0.02	5.16	0.45	0.41	1.1	78081	69680	8401	79497	64507	14990	-6589	-0.78
Jewellers	8.7	9006	4454	0.67	0.33	0.12	0.05	2.46	0.58	0.34	1.7	74669	59942	14727	77194	63346	13848	879	0.06
Performing Arts Technicians	2.0	2361	3469	0.4	0.6	0.12	0.04	3.05	0.46	0.36	1.26	81520	61267	20253	75259	59102	16158	4095	0.2
Signwriters	8.3	10152	4354	0.7	0.3	0.12	0.04	3.12	0.55	0.32	1.73	73327	61736	11591	85408	65149	20259	-8668	-0.75
Other Miscellaneous Technicians and Trades Workers	4.5	7555	6786	0.53	0.47	0.12	0.03	4.05	0.57	0.49	1.16	79696	67179	12517	76105	66552	9553	2964	0.24
Health and Welfare Support Workers	5.7	1955	1193	0.62	0.38	0.15	0.06	2.38	0.47	0.3	1.56	83289	65892	17397	78650	61036	17614	-216	-0.01
Ambulance Officers and Paramedics	2.3	3740	3376	0.53	0.47	0.12	0.05	2.49	0.44	0.45	0.97	81105	65824	15280	82023	64970	17053	-1772	-0.12
"Dental Hygienists, Technicians and Therapists"	2.9	4599	6926	0.4	0.6	0.12	0.05	2.55	0.39	0.31	1.25	71506	55996	15510	78927	65035	13893	1617	0.1
Diversional Therapists	8.7	8089	3505	0.7	0.3	0.15	0.07	2.09	0.53	0.24	2.23	78068	64082	13986	75346	62852	12494	1492	0.11
Enrolled and Mothercraft Nurses	7.3	9924	2609	0.79	0.21	0.15	0.06	2.6	0.53	0.37	1.43	83968	62011	21956	83483	68138	15345	6611	0.3
Indigenous Health Workers	0.8	5177	1960	0.73	0.27	0.14	0.02	5.88	0.45	0.24	1.9	84393	56145	28249	87803	66280	21523	6726	0.24
Massage Therapists	5.4	10890	2633	0.81	0.19	0.12	0.03	3.74	0.52	0.21	2.52	75139	63786	11353	80120	62428	17692	-6339	-0.56
Welfare Support Workers	5.0	5502	1415	0.8	0.2	0.11	0.05	2.41	0.36	0.43	0.83	75153	63861	11292	84272	70325	13947	-2655	-0.24
Child Carers	7.0	6825	1605	0.81	0.19	0.13	0.06	2.32	0.32	0.38	0.83	78957	68215	10742	80307	64698	15610	-4868	-0.45
Education Aides	4.9	6231	6858	0.48	0.52	0.12	0.06	1.94	0.4	0.35	1.13	84967	64197	20770	80555	70486	10069	10700	0.52
Personal Carers and Assistants	0.9	3831	1560	0.71	0.29	0.14	0.04	3.52	0.33	0.35	0.94	76928	61106	15822	78760	68062	10698	5125	0.32
Aged and Disabled Carers	1.6	3980	2610	0.6	0.4	0.14	0.04	3.9	0.57	0.28	2	72260	64207	8054	76443	67046	9398	-1344	-0.17
Dental Assistants	5.9	1877	4502	0.29	0.71	0.11	0.06	1.76	0.35	0.26	1.36	81090	58329	22762	80084	70357	9726	13035	0.57
Nursing Support and Personal Care Workers	5.8	4830	2296	0.68	0.32	0.13	0.04	3.38	0.54	0.46	1.18	75404	65445	9959	87189	59760	27430	-17471	-1.75
Special Care Workers	7.8	3352	2566	0.57	0.43	0.1	0.02	4.85	0.42	0.38	1.1	73404	62786	10618	77869	61134	16735	-6117	-0.58
Hospitality Workers	1.9	5514	1686	0.77	0.23	0.14	0.02	6.55	0.56	0.37	1.51	80657	68184	12473	85517	70968	14549	-2077	-0.17
Bar Attendants and Baristas	7.7	7877	3195	0.71	0.29	0.13	0.03	5.16	0.53	0.48	1.09	82893	58129	24764	83356	70146	13210	11554	0.47
Cafe Workers	7.1	6691	2574	0.72	0.28	0.11	0.05	2.4	0.34	0.24	1.43	74960	55548	19412	84321	62855	21466	-2054	-0.11
Gaming Workers	5.1	2299	3260	0.41	0.59	0.12	0.06	2.15	0.36	0.27	1.34	84191	69369	14822	81054	65406	15649	-827	-0.06
Hotel Service Managers	2.8	9803	4701	0.68	0.32	0.14	0.06	2.59	0.38	0.32	1.21	74323	55556	18767	79135	58457	20678	-1911	-0.1
Waiters	9.3	8059	2828	0.74	0.26	0.11	0.06	1.8	0.43	0.4	1.1	74495	56528	17967	89750	69381	20369	-2402	-0.13
Other Hospitality Workers	3.9	1829	3871	0.32	0.68	0.14	0.02	6.66	0.43	0.36	1.2	76195	55279	20916	78592	60925	17667	3249	0.16
Defence Force Members - Other Ranks	8.3	10646	3191	0.77	0.23	0.14	0.04	3.35	0.53	0.22	2.46	79320	64752	14568	79298	60801	18497	-3928	-0.27
Fire and Emergency Workers	1.6	7137	4840	0.6	0.4	0.1	0.03	3.43	0.42	0.48	0.87	74115	57733	16382	87821	72627	15194	1189	0.07
Police	8.1	9265	6045	0.61	0.39	0.13	0.04	3.01	0.35	0.32	1.09	72284	59049	13235	88478	72277	16200	-2965	-0.22
Prison Officers	7.6	2749	5492	0.33	0.67	0.14	0.03	4.27	0.58	0.27	2.14	75828	57526	18302	76031	68940	7091	11212	0.61
Security Officers and Guards	6.9	6901	5179	0.57	0.43	0.11	0.05	2.23	0.33	0.26	1.28	75968	58663	17305	80003	62982	17021	284	0.02
Beauty Therapists	5.8	2455	3528	0.41	0.59	0.11	0.07	1.57	0.44	0.26	1.68	74663	69387	5275	88848	68351	20497	-15221	-2.89
Driving Instructors	9.8	5233	2401	0.69	0.31	0.14	0.04	3.88	0.44	0.3	1.5	75076	63870	11206	82089	68049	14040	-2834	-0.25
Funeral Workers	5.6	7508	3327	0.69	0.31	0.13	0.06	2.11	0.44	0.46	0.94	78246	57127	21119	86274	70136	16137	4981	0.24
"Gallery, Museum and Tour Guides"	3.5	5458	2561	0.68	0.32	0.12	0.03	3.78	0.41	0.31	1.32	70791	65456	5335	82563	58237	24326	-18991	-3.56
Personal Care Consultants	2.2	2562	2550	0.5	0.5	0.1	0.04	2.94	0.51	0.29	1.75	71065	66349	4716	79516	60569	18947	-14231	-3.02
Tourism and Travel Advisers	8.9	2409	6323	0.28	0.72	0.12	0.04	3.36	0.39	0.5	0.79	83151	65060	18091	83336	67950	15386	2705	0.15
Travel Attendants	2.0	9819	4388	0.69	0.31	0.11	0.05	2.03	0.34	0.29	1.17	75764	58347	17417	78439	63978	14461	2956	0.17
Other Personal Service Workers	9.0	2607	4073	0.39	0.61	0.14	0.02	5.74	0.47	0.29	1.6	77853	62565	15288	78690	65763	12926	2362	0.15
Fitness Instructors	4.6	7926	6429	0.55	0.45	0.13	0.07	1.95	0.33	0.33	1	84616	61141	23475	80044	60182	19862	3613	0.15
Outdoor Adventure Guides	0.5	2431	1824	0.57	0.43	0.12	0.02	5.68	0.45	0.42	1.07	83299	65208	18091	83574	66881	16693	1398	0.08
"Sports Coaches, Instructors and Officials"	7.7	5951	2170	0.73	0.27	0.15	0.03	4.7	0.33	0.47	0.7	78135	66452	11683	88991	65222	23770	-12086	-1.03
Sportspersons	0.1	7399	3302	0.69	0.31	0.12	0.03	3.63	0.59	0.47	1.25	73495	61207	12288	89436	62122	27314	-15026	-1.22
Office Managers and Program Administrators	1.8	4707	5040	0.48	0.52	0.11	0.03	3.31	0.39	0.27	1.46	77836	63318	14518	77582	67029	10553	3965	0.27
"Contract, Program and Project Administrators"	3.2	4783	5331	0.47	0.53	0.13	0.04	3.11	0.32	0.42	0.75	76532	61271	15261	76196	67209	8987	6274	0.41
Office Managers	5.2	1309	2369	0.36	0.64	0.14	0.04	3.98	0.53	0.48	1.1	76013	64233	11780	86169	67130	19040	-7260	-0.62
Practice Managers	6.9	4442	2407	0.65	0.35	0.14	0.04	3.4	0.56	0.24	2.36	72169	66372	5797	84700	71082	13618	-7821	-1.35
Personal Assistants	6.2	7468	6352	0.54	0.46	0.14	0.06	2.56	0.58	0.31	1.87	75907	64531	11376	81494	72673	8821	2555	0.22
Secretaries	6.2	2119	2521	0.46	0.54	0.14	0.07	2.12	0.36	0.33	1.09	71002	67408	3594	76836	60783	16053	-12459	-3.47
General Clerical Workers	8.9	10988	2805	0.8	0.2	0.14	0.05	3.17	0.41	0.47	0.86	71162	58716	12446	86494	72586	13908	-1462	-0.12
"Public servant - administrative service officer - levels 3-4, ATO"	4.7	5427	1134	0.83	0.17	0.1	0.02	4.6	0.44	0.36	1.22	82731	58468	24263	86835	69384	17451	6812	0.28
General Clerks	3.0	7533	1860	0.8	0.2	0.15	0.06	2.31	0.59	0.45	1.31	80144	63783	16361	79799	67552	12246	4115	0.25
Keyboard Operators	5.1	6724	4329	0.61	0.39	0.15	0.05	3.06	0.46	0.22	2.07	78888	59958	18929	77165	60729	16436	2493	0.13
Call or Contact Centre Workers	4.3	7350	2291	0.76	0.24	0.14	0.04	3.24	0.47	0.24	2	71021	60704	10317	83233	58296	24938	-14621	-1.42
Inquiry Clerks	3.8	6722	5230	0.56	0.44	0.12	0.06	1.99	0.33	0.37	0.9	77160	68096	9064	75129	71747	3382	5681	0.63
Receptionists	3.7	10265	3452	0.75	0.25	0.13	0.03	3.85	0.39	0.28	1.42	83350	62605	20745	75337	70403	4934	15811	0.76
Accounting Clerks	4.3	5777	2150	0.73	0.27	0.15	0.02	6.67	0.32	0.23	1.39	84632	63314	21317	77856	69124	8732	12585	0.59
Bookkeepers	8.1	1071	2861	0.27	0.73	0.14	0.03	5.05	0.31	0.45	0.7	82343	66130	16213	75519	70377	5142	11072	0.68
Payroll Clerks	6.6	1202	1987	0.38	0.62	0.14	0.07	2.13	0.31	0.21	1.48	73647	57992	15654	80062	67490	12572	3083	0.2
Bank Workers	5.5	6955	2576	0.73	0.27	0.13	0.02	5.34	0.45	0.33	1.38	84052	57374	26678	85692	62261	23432	3246	0.12
Credit and Loans Officers	2.6	6822	6778	0.5	0.5	0.15	0.03	4.67	0.33	0.5	0.66	75264	57095	18169	84580	59719	24862	-6692	-0.37
"Insurance, Money Market and Statistical Clerks"	6.3	5612	3393	0.62	0.38	0.12	0.03	3.75	0.55	0.2	2.75	82906	69588	13318	89322	60644	28679	-15360	-1.15
Clerical and Office Support Workers	0.2	10437	2123	0.83	0.17	0.14	0.07	2.09	0.58	0.46	1.26	80649	68329	12319	84458	69239	15219	-2899	-0.24
Betting Clerks	0.5	5839	2986	0.66	0.34	0.1	0.07	1.52	0.56	0.22	2.59	73510	56477	17033	76474	69689	6785	10248	0.6
Couriers and Postal Deliverers	0.3	5192	3529	0.6	0.4	0.11	0.07	1.69	0.34	0.47	0.72	72837	67217	5620	86292	58374	27918	-22298	-3.97
Filing and Registry Clerks	6.9	3323	5334	0.38	0.62	0.14	0.05	2.76	0.35	0.4	0.89	84316	63719	20597	89722	61635	28087	-7490	-0.36
Mail Sorters	8.3	3066	1052	0.74	0.26	0.15	0.05	3.31	0.35	0.44	0.79	83758	61974	21784	76147	62027	14121	7664	0.35
Survey Interviewers	5.4	2307	4577	0.34	0.66	0.12	0.06	2.05	0.58	0.26	2.23	72547	64036	8511	82900	72426	10475	-1964	-0.23
Switchboard Operators	4.2	8641	5162	0.63	0.37	0.15	0.02	7.04	0.31	0.43	0.72	76757	68497	8260	78107	71884	6224	2036	0.25
Other Clerical and Office Support Workers	8.3	10963	2252	0.83	0.17	0.13	0.06	2.18	0.32	0.38	0.83	82511	56913	25597	79809	67144	12665	12932	0.51
Purchasing and Supply Logistics Clerks	4.8	5894	3737	0.61	0.39	0.12	0.04	2.76	0.39	0.32	1.21	79813	59772	20041	83964	68525	15438	4603	0.23
Transport and Despatch Clerks	5.5	3718	5503	0.4	0.6	0.12	0.05	2.37	0.34	0.37	0.93	78778	65383	13395	88017	66112	21905	-8510	-0.64
Conveyancers and Legal Executives	8.6	2597	1180	0.69	0.31	0.13	0.03	4.15	0.51	0.42	1.24	79215	68685	10530	86007	60176	25831	-15301	-1.45
Court and Legal Clerks	7.7	3527	5487	0.39	0.61	0.15	0.05	3.11	0.32	0.27	1.17	83841	66714	17128	77911	63531	14380	2748	0.16
Debt Collectors	8.7	6319	3993	0.61	0.39	0.14	0.05	2.69	0.5	0.2	2.47	77880	56627	21253	79162	62714	16449	4804	0.23
Human Resource Clerks	4.8	3175	3318	0.49	0.51	0.15	0.03	5.51	0.57	0.33	1.7	74063	69167	4895	84464	68346	16118	-11223	-2.29
Inspectors and Regulatory Officers	3.6	2859	1564	0.65	0.35	0.14	0.07	2.08	0.46	0.44	1.03	79291	68310	10981	89706	70493	19213	-8232	-0.75
"Insurance Investigators, Loss Adjusters and Risk Surveyors"	5.7	3160	2913	0.52	0.48	0.12	0.05	2.26	0.53	0.33	1.61	81956	55474	26481	83100	61793	21308	5174	0.2
Library Assistants	7.7	2207	4672	0.32	0.68	0.15	0.02	6.31	0.39	0.48	0.81	74317	62849	11468	77525	59757	17768	-6300	-0.55
Other Miscellaneous Clerical and Administrative Workers	8.3	6944	5381	0.56	0.44	0.15	0.03	4.98	0.48	0.44	1.1	71655	60733	10921	89511	59051	30460	-19538	-1.79
"Auctioneers, and Stock and Station Agents"	5.0	8791	5008	0.64	0.36	0.13	0.03	4.01	0.47	0.27	1.75	72811	63603	9208	86857	63818	23039	-13831	-1.5
Insurance Agents	5.7	3821	2526	0.6	0.4	0.12	0.02	5.33	0.4	0.23	1.74	70241	65289	4952	78741	60353	18387	-13435	-2.71
Sales Representatives	4.3	5150	1374	0.79	0.21	0.13	0.07	1.86	0.43	0.45	0.94	72843	63817	9026	76079	64622	11457	-2431	-0.27
Real Estate Sales Agents	1.3	3563	5758	0.38	0.62	0.14	0.04	3.91	0.44	0.21	2.14	73676	61853	11823	85381	64796	20586	-8763	-0.74
"Sales assistant - type not specified, ATO RDCC"	2.9	7290	4093	0.64	0.36	0.11	0.06	2.01	0.3	0.32	0.95	76391	62148	14243	83498	60315	23183	-8940	-0.63
Sales Assistants (General)	7.3	6442	2233	0.74	0.26	0.13	0.04	3.42	0.57	0.42	1.34	79344	65330	14014	84081	58106	25975	-11962	-0.85
ICT Sales Assistants	9.5	6445	2070	0.76	0.24	0.15	0.03	5.33	0.44	0.35	1.26	79549	57227	22322	85749	72783	12966	9356	0.42
Motor Vehicle and Vehicle Parts Salespersons	0.8	5448	2790	0.66	0.34	0.14	0.04	3.38	0.37	0.25	1.49	74256	65574	8682	87014	63714	23300	-14617	-1.68
Pharmacy Sales Assistants	10.0	5572	5601	0.5	0.5	0.12	0.05	2.31	0.48	0.38	1.29	78348	65014	13333	89585	61926	27658	-14325	-1.07
Retail Supervisors	9.5	6036	6913	0.47	0.53	0.12	0.05	2.66	0.57	0.44	1.3	71215	58598	12617	78224	67163	11061	1556	0.12
Service Station Attendants	4.8	4261	3775	0.53	0.47	0.14	0.04	4.02	0.57	0.24	2.4	72075	57937	14138	83591	61643	21948	-7811	-0.55
Street Vendors and Related Salespersons	5.0	1728	1373	0.56	0.44	0.13	0.06	2.09	0.48	0.34	1.43	84723	63846	20877	79903	63310	16593	4285	0.21
Other Sales Assistants and Salespersons	4.2	8775	5033	0.64	0.36	0.14	0.05	2.71	0.56	0.5	1.13	70261	62864	7397	75466	62518	12947	-5551	-0.75
Checkout Operators and Office Cashiers	7.8	3582	3739	0.49	0.51	0.14	0.06	2.17	0.37	0.38	0.97	81029	67404	13625	85507	72806	12701	924	0.07
Models and Sales Demonstrators	3.3	3767	6677	0.36	0.64	0.13	0.02	5.64	0.57	0.38	1.51	79613	63728	15885	85395	59779	25616	-9731	-0.61
Retail and Wool Buyers	2.0	10925	2038	0.84	0.16	0.1	0.03	4.02	0.39	0.4	0.97	77631	69737	7894	77524	64431	13093	-5199	-0.66
Telemarketers	0.3	8329	5062	0.62	0.38	0.11	0.05	2.2	0.33	0.45	0.73	72954	62322	10632	87752	68124	19627	-8996	-0.85
Ticket Salespersons	4.0	7937	5086	0.61	0.39	0.11	0.02	4.68	0.55	0.25	2.23	75861	56318	19543	87732	70309	17423	2120	0.11
Visual Merchandisers	9.3	4176	3713	0.53	0.47	0.12	0.03	4.06	0.54	0.27	2.04	70107	57736	12371	75997	59611	16385	-4015	-0.32
Machine and Stationary Plant Operators	6.9	1844	2298	0.45	0.55	0.15	0.02	6.48	0.45	0.5	0.91	72824	65513	7311	85293	64694	20599	-13288	-1.82
"Clay, Concrete, Glass and Stone Processing Machine Operators"	1.1	7138	4502	0.61	0.39	0.14	0.05	2.87	0.32	0.44	0.72	81778	59792	21986	88521	71553	16967	5018	0.23
Industrial Spraypainters	4.9	8324	2246	0.79	0.21	0.14	0.02	5.7	0.31	0.24	1.27	80387	65478	14909	75697	61764	13933	976	0.07
Paper and Wood Processing Machine Operators	5.3	10840	6974	0.61	0.39	0.13	0.03	3.91	0.46	0.27	1.68	75827	66125	9702	87702	69649	18053	-8351	-0.86
Photographic Developers and Printers	9.1	3799	2518	0.6	0.4	0.13	0.03	3.92	0.49	0.26	1.85	74580	69692	4888	78523	66441	12082	-7195	-1.47
Plastics and Rubber Production Machine Operators	4.9	8232	2101	0.8	0.2	0.11	0.05	2.08	0.43	0.24	1.76	79062	55822	23240	89670	63444	26226	-2986	-0.13
Sewing Machinists	9.5	9855	3183	0.76	0.24	0.11	0.06	1.83	0.45	0.4	1.13	81624	60315	21309	85699	60493	25207	-3898	-0.18
Textile and Footwear Production Machine Operators	6.6	7712	5591	0.58	0.42	0.14	0.03	4.66	0.3	0.26	1.17	83451	65679	17771	86158	69821	16337	1434	0.08
Other Machine Operators	6.6	9225	6183	0.6	0.4	0.1	0.03	3.67	0.38	0.32	1.2	80124	63719	16405	81421	67278	14142	2263	0.14
"Crane, Hoist and Lift Operators"	4.3	5676	4260	0.57	0.43	0.12	0.03	3.96	0.59	0.46	1.3	76538	59424	17114	76908	58195	18713	-1600	-0.09
"Drillers, Miners and Shot Firers"	7.0	7429	3227	0.7	0.3	0.11	0.05	2.5	0.41	0.29	1.41	82195	56356	25840	83656	69918	13738	12101	0.47
Engineering Production Systems Workers	4.2	9470	2338	0.8	0.2	0.14	0.03	5.71	0.38	0.29	1.32	80795	64218	16577	88101	64539	23562	-6985	-0.42
Other Stationary Plant Operators	7.8	6022	5901	0.51	0.49	0.11	0.03	3.41	0.55	0.24	2.26	80111	56676	23435	78753	60323	18430	5005	0.21
Mobile Plant Operators	0.4	7350	1416	0.84	0.16	0.13	0.02	5.59	0.5	0.35	1.41	72648	68013	4635	89194	64981	24213	-19578	-4.22
"Agricultural, Forestry and Horticultural Plant Operators"	6.1	8380	3762	0.69	0.31	0.11	0.02	4.59	0.56	0.36	1.56	76927	68238	8689	77029	69863	7165	1524	0.18
Earthmoving Plant Operators	5.7	8312	1285	0.87	0.13	0.12	0.04	3.23	0.54	0.37	1.45	77377	58761	18617	87914	60948	26966	-8350	-0.45
Forklift Drivers	6.0	3586	4832	0.43	0.57	0.13	0.04	3.28	0.42	0.28	1.53	77538	61534	16005	86441	65562	20879	-4874	-0.3
Other Mobile Plant Operators	2.2	5639	4472	0.56	0.44	0.13	0.07	1.92	0.39	0.2	1.94	74484	67768	6715	89542	59434	30108	-23392	-3.48
Road and Rail Drivers	2.5	9819	3934	0.71	0.29	0.15	0.05	3.2	0.32	0.31	1.06	70704	66221	4482	84027	64976	19051	-14569	-3.25
Automobile Drivers	6.7	3380	1219	0.73	0.27	0.14	0.05	2.71	0.44	0.48	0.91	84494	58606	25888	86737	64593	22144	3744	0.14
Bus and Coach Drivers	0.0	4283	4579	0.48	0.52	0.11	0.06	1.86	0.37	0.33	1.11	82168	55146	27022	83910	62869	21041	5981	0.22
Train and Tram Drivers	2.3	10542	4287	0.71	0.29	0.11	0.02	4.55	0.39	0.25	1.57	73662	63801	9860	76116	62704	13412	-3552	-0.36
Delivery Drivers	8.7	4755	1324	0.78	0.22	0.1	0.04	2.67	0.37	0.5	0.75	84122	69087	15035	79033	67059	11973	3062	0.2
Truck Drivers	6.9	7745	4070	0.66	0.34	0.11	0.04	2.85	0.58	0.36	1.61	74284	68608	5676	82895	64370	18525	-12850	-2.26
Storepersons	4.0	5340	1223	0.81	0.19	0.14	0.03	4.6	0.49	0.24	2.08	74214	68435	5779	87958	67112	20846	-15067	-2.61
Cleaners and Laundry Workers	6.5	9743	3782	0.72	0.28	0.12	0.05	2.51	0.56	0.43	1.29	76030	65183	10848	89305	61069	28236	-17389	-1.6
Car Detailers	9.0	7969	4211	0.65	0.35	0.13	0.07	1.91	0.4	0.3	1.35	76019	64600	11419	77546	70986	6560	4859	0.43
Commercial Cleaners	9.0	5218	3398	0.61	0.39	0.14	0.07	2.13	0.56	0.37	1.49	78990	60334	18656	82455	68851	13604	5052	0.27
Domestic Cleaners	2.5	5482	5579	0.5	0.5	0.15	0.02	6.4	0.52	0.39	1.35	75384	59665	15720	89156	67210	21946	-6226	-0.4
Housekeepers	6.5	4917	4283	0.53	0.47	0.13	0.05	2.86	0.33	0.21	1.6	84091	63321	20769	84387	61505	22882	-2112	-0.1
Laundry Workers	0.5	3649	5155	0.41	0.59	0.14	0.05	2.66	0.4	0.27	1.51	80738	58467	22272	78238	68427	9811	12460	0.56
Other Cleaners	6.6	6850	1637	0.81	0.19	0.11	0.03	3.8	0.54	0.3	1.83	78728	65888	12840	88994	71543	17451	-4611	-0.36
"Labourer - type not specified, ATO RDCC"	4.6	7194	5741	0.56	0.44	0.12	0.07	1.77	0.39	0.38	1.01	70343	63524	6819	77399	62795	14604	-7785	-1.14
"Construction and Mining Labourers. Construction worker - type not specified, ATO RDCC"	3.8	1010	6077	0.14	0.86	0.13	0.04	3.1	0.5	0.4	1.23	71149	65444	5705	86886	66885	20002	-14296	-2.51
Building and Plumbing Labourers	6.9	7472	5745	0.57	0.43	0.12	0.03	3.87	0.45	0.22	2.04	80757	64117	16640	78226	67312	10914	5726	0.34
Concreters	8.5	2262	4661	0.33	0.67	0.14	0.05	3.02	0.52	0.41	1.27	76894	61691	15203	86923	60025	26898	-11695	-0.77
Fencers	4.9	1439	3225	0.31	0.69	0.14	0.06	2.36	0.37	0.27	1.38	72340	58675	13665	78333	62992	15342	-1677	-0.12
Insulation and Home Improvement Installers	0.5	1331	6167	0.18	0.82	0.12	0.05	2.49	0.3	0.22	1.4	76905	58122	18783	84241	66290	17951	832	0.04
Paving and Surfacing Labourers	4.6	10100	3956	0.72	0.28	0.13	0.02	5.59	0.47	0.36	1.3	78593	60487	18105	79595	63390	16206	1900	0.1
Railway Track Workers	9.2	7412	5394	0.58	0.42	0.13	0.07	2.03	0.4	0.27	1.47	72094	66983	5110	78026	67012	11015	-5904	-1.16
Structural Steel Construction Workers	8.3	2519	2339	0.52	0.48	0.14	0.03	4.46	0.49	0.44	1.1	73117	64491	8626	89166	66664	22503	-13877	-1.61
Other Construction and Mining Labourers	4.8	4677	4222	0.53	0.47	0.13	0.03	4.87	0.35	0.49	0.73	71291	57336	13955	82657	62454	20203	-6248	-0.45
Factory Process Workers	5.2	4239	6179	0.41	0.59	0.14	0.03	5.11	0.55	0.23	2.39	82994	67767	15227	79295	59740	19555	-4328	-0.28
Food Process Workers	5.1	2416	4929	0.33	0.67	0.11	0.05	2.32	0.54	0.32	1.66	82685	69160	13525	76638	63876	12762	763	0.06
Food and Drink Factory Workers	2.9	2505	1803	0.58	0.42	0.13	0.02	5.57	0.52	0.34	1.5	82480	68612	13869	89440	65419	24021	-10153	-0.73
"Meat Boners and Slicers, and Slaughterers"	1.4	1554	6748	0.19	0.81	0.12	0.06	2.02	0.54	0.25	2.19	76016	58354	17662	81187	64604	16584	1079	0.06
"Meat, Poultry and Seafood Process Workers"	4.6	8921	3019	0.75	0.25	0.14	0.07	2.04	0.35	0.3	1.18	70172	68094	2078	78710	69727	8983	-6905	-3.32
Packers	4.6	10296	2996	0.77	0.23	0.13	0.04	3.02	0.58	0.4	1.44	83361	57087	26274	75300	59209	16091	10183	0.39
Product Assemblers	1.9	6958	5471	0.56	0.44	0.14	0.06	2.34	0.32	0.23	1.41	81344	60774	20570	77304	63098	14206	6364	0.31
Metal Engineering Process Workers	2.5	7264	1989	0.78	0.22	0.13	0.03	4.23	0.36	0.26	1.37	78692	64774	13918	82529	65610	16919	-3001	-0.22
Plastics and Rubber Factory Workers	4.7	3880	1542	0.72	0.28	0.14	0.06	2.27	0.56	0.35	1.61	70980	68837	2143	79000	61308	17692	-15549	-7.25
Product Quality Controllers	2.6	3836	1702	0.69	0.31	0.1	0.05	2.17	0.39	0.32	1.22	81421	61371	20049	88425	58718	29707	-9658	-0.48
Timber and Wood Process Workers	6.1	7920	6172	0.56	0.44	0.1	0.05	1.92	0.31	0.42	0.74	81747	69017	12731	82171	70201	11969	761	0.06
Other Factory Process Workers	3.5	3168	6172	0.34	0.66	0.11	0.03	3.34	0.42	0.21	1.94	79977	63999	15978	83503	68199	15305	673	0.04
"Farm, Forestry and Garden Workers"	7.8	2291	1526	0.6	0.4	0.14	0.02	6.02	0.33	0.49	0.68	70148	60031	10118	80336	63742	16594	-6477	-0.64
Aquaculture Workers	2.9	7765	6315	0.55	0.45	0.12	0.03	3.53	0.35	0.25	1.37	80040	64835	15205	88839	66634	22204	-6999	-0.46
Crop Farm Workers	5.6	5388	4534	0.54	0.46	0.13	0.06	2.07	0.48	0.29	1.68	82662	67218	15445	76950	58276	18675	-3230	-0.21
Forestry and Logging Workers	9.0	9536	6640	0.59	0.41	0.1	0.07	1.52	0.41	0.43	0.97	76339	63187	13152	86262	64916	21346	-8194	-0.62
Garden and Nursery Labourers	8.1	9358	1530	0.86	0.14	0.1	0.06	1.8	0.33	0.27	1.19	78104	66060	12045	83050	66023	17027	-4983	-0.41
Livestock Farm Workers	5.1	2300	6845	0.25	0.75	0.11	0.05	2.14	0.55	0.47	1.15	75005	58033	16972	77696	66729	10967	6006	0.35
Mixed Crop and Livestock Farm Workers	2.8	6089	1001	0.86	0.14	0.15	0.06	2.41	0.53	0.37	1.45	79781	63362	16420	81052	60872	20180	-3761	-0.23
"Other Farm, Forestry and Garden Workers"	8.9	6644	6068	0.52	0.48	0.11	0.02	5.25	0.58	0.37	1.58	74706	56107	18598	85502	58436	27065	-8467	-0.46
Fast Food Cooks	0.2	5618	1926	0.74	0.26	0.14	0.04	3.99	0.56	0.41	1.37	72885	69821	3064	80925	64866	16058	-12994	-4.24
Food Trades Assistants	1.2	4494	2325	0.66	0.34	0.13	0.04	3.28	0.56	0.49	1.13	82678	69696	12982	81021	60327	20694	-7712	-0.59
Kitchenhands	8.3	4598	4267	0.52	0.48	0.11	0.04	2.88	0.34	0.26	1.29	80967	57137	23830	83019	60781	22238	1592	0.07
Freight Handlers and Shelf Fillers	1.5	1063	3334	0.24	0.76	0.12	0.02	4.95	0.53	0.42	1.26	82754	65471	17283	84440	72543	11897	5386	0.31
Freight and Furniture Handlers	9.3	1003	5444	0.16	0.84	0.15	0.04	3.56	0.38	0.43	0.87	70525	64098	6426	88728	62546	26181	-19755	-3.07
Shelf Fillers	2.9	6001	4670	0.56	0.44	0.15	0.02	7.2	0.32	0.49	0.64	76430	60506	15924	86299	66316	19984	-4059	-0.25
Caretakers	4.8	8948	4564	0.66	0.34	0.11	0.06	1.97	0.35	0.43	0.82	74527	65583	8944	79709	72940	6769	2175	0.24
Deck and Fishing Hands	8.1	4049	4130	0.5	0.5	0.1	0.07	1.53	0.45	0.31	1.45	84372	62048	22324	81351	62738	18613	3712	0.17
Handypersons	8.6	3336	3461	0.49	0.51	0.14	0.05	2.59	0.57	0.38	1.49	72782	61343	11439	89257	61433	27824	-16384	-1.43
Motor Vehicle Parts and Accessories Fitters	7.0	8141	4567	0.64	0.36	0.11	0.03	3.59	0.34	0.27	1.26	76286	60857	15428	81791	64185	17606	-2178	-0.14
Printing Assistants and Table Workers	6.5	6880	6230	0.52	0.48	0.12	0.05	2.27	0.43	0.42	1.02	72516	66954	5562	80598	70149	10448	-4887	-0.88
Recycling and Rubbish Collectors	8.8	5255	5742	0.48	0.52	0.12	0.06	1.99	0.56	0.41	1.37	80682	61171	19511	76737	59599	17138	2373	0.12
Vending Machine Attendants	2.5	6400	3564	0.64	0.36	0.15	0.06	2.52	0.46	0.41	1.11	83179	65475	17703	88355	58961	29394	-11691	-0.66
Other Miscellaneous Labourers	6.5	2192	3695	0.37	0.63	0.14	0.07	2.03	0.33	0.28	1.16	78824	69077	9747	83913	72292	11621	-1874	-0.19
Consultant - construction manager	5.6	9117	6316	0.59	0.41	0.1	0.05	1.97	0.45	0.35	1.27	78413	59653	18760	78394	66055	12338	6422	0.34
Consultant - tax accountant	0.7	1604	3119	0.34	0.66	0.13	0.05	2.48	0.49	0.39	1.25	81461	68622	12839	80131	58952	21180	-8341	-0.65
Consultant - financial investment	0.3	9773	1812	0.84	0.16	0.14	0.04	3.13	0.59	0.23	2.62	77740	69800	7940	85651	68497	17153	-9213	-1.16
Consultant - human resources	0.1	9417	6015	0.61	0.39	0.11	0.05	2.03	0.38	0.5	0.76	79904	57055	22849	75524	72640	2884	19965	0.87
Consultant - management	8.0	10437	5662	0.65	0.35	0.14	0.03	4.59	0.56	0.23	2.43	77462	59896	17566	85750	65933	19817	-2251	-0.13
Consultant - marketing and public relations	2.8	10922	4319	0.72	0.28	0.11	0.03	4.03	0.31	0.28	1.13	71591	56115	15476	77020	64116	12904	2572	0.17
Consultant - urban and regional planner	8.0	2139	1642	0.57	0.43	0.12	0.03	3.57	0.55	0.45	1.2	78307	64960	13347	81223	70384	10839	2508	0.19
Consultant - engineering	2.7	3837	1439	0.73	0.27	0.11	0.05	2.28	0.55	0.32	1.72	83277	58211	25065	85927	68508	17419	7646	0.31
Consultant - environmental	7.3	2766	4686	0.37	0.63	0.12	0.05	2.59	0.41	0.46	0.9	82146	56188	25958	85368	61063	24305	1652	0.06
Consultant - medical	2.9	8958	2469	0.78	0.22	0.14	0.06	2.59	0.34	0.39	0.88	75500	62499	13001	80272	63639	16633	-3633	-0.28
Consultant - occupational health and safety	1.3	7603	4416	0.63	0.37	0.12	0.04	2.91	0.45	0.31	1.44	74229	64011	10218	78885	70884	8001	2217	0.22
Consultant - clinical nurse	8.8	9336	1518	0.86	0.14	0.13	0.05	2.52	0.57	0.41	1.41	75290	64737	10553	82229	70115	12114	-1561	-0.15
Consultant - IT business analyst	3.8	3071	4866	0.39	0.61	0.11	0.06	1.72	0.54	0.22	2.44	77126	55275	21851	86773	66299	20473	1377	0.06
Apprentice or trainee - agricultural or medical technician	0.5	7009	4573	0.61	0.39	0.15	0.02	6.79	0.37	0.2	1.82	82793	60693	22099	80602	69800	10802	11297	0.51
Apprentice or trainee - information technology technician or telecommunications technical specialist	8.3	6484	2031	0.76	0.24	0.14	0.06	2.56	0.44	0.36	1.23	82526	62177	20349	78679	68973	9706	10644	0.52
Apprentice or trainee - automotive mechanic or electrician	5.9	2629	5223	0.33	0.67	0.13	0.06	2.45	0.5	0.5	1.01	79214	63321	15893	88928	72977	15951	-58	0
Apprentice or trainee - metal fabrication engineering trades worker	4.8	7816	1568	0.83	0.17	0.12	0.03	4.09	0.49	0.29	1.7	79853	65938	13915	86460	67992	18468	-4553	-0.33
Apprentice or trainee - mechanical trades engineering trades worker	2.8	5694	6394	0.47	0.53	0.15	0.04	3.65	0.44	0.38	1.17	70922	66102	4820	89336	60079	29258	-24437	-5.07
Apprentice or trainee - automotive - other	0.3	7494	6378	0.54	0.46	0.13	0.03	4.2	0.31	0.47	0.66	84022	69393	14629	77533	70147	7386	7243	0.5
"Apprentice or trainee - bricklayer, or carpenter and joiner"	9.7	1036	1296	0.44	0.56	0.13	0.03	3.9	0.5	0.5	1.01	70455	66063	4392	84281	69855	14426	-10033	-2.28
Apprentice or trainee - floor finisher	2.7	1273	4955	0.2	0.8	0.13	0.03	4.2	0.42	0.39	1.07	77075	58843	18232	88636	64434	24202	-5970	-0.33
Apprentice or trainee - tiler or plasterer	6.6	3770	5699	0.4	0.6	0.1	0.04	2.71	0.33	0.21	1.61	75061	63666	11396	81454	69216	12238	-843	-0.07
Apprentice or trainee - plumber	9.8	9273	4677	0.66	0.34	0.11	0.05	1.98	0.49	0.29	1.67	81535	60480	21054	82229	59738	22491	-1436	-0.07
Apprentice or trainee - electrician	9.6	8184	4227	0.66	0.34	0.14	0.04	4.06	0.41	0.21	1.93	80872	59740	21131	85451	62289	23162	-2030	-0.1
Apprentice or trainee - electronics or telecommunications trades worker	7.9	9502	1489	0.86	0.14	0.12	0.05	2.25	0.35	0.34	1.04	77929	58089	19840	89091	60717	28374	-8534	-0.43
Apprentice or trainee - food trades worker	2.0	7827	1926	0.8	0.2	0.1	0.04	2.93	0.35	0.31	1.13	83799	59658	24141	81454	60616	20838	3303	0.14
"Apprentice or trainee - animal attendant, trainer or shearer"	5.4	2190	3293	0.4	0.6	0.13	0.03	4.7	0.32	0.36	0.87	80795	69015	11780	81306	61729	19577	-7797	-0.66
Apprentice or trainee - horticultural trades worker	8.8	7007	4726	0.6	0.4	0.14	0.03	4.83	0.49	0.36	1.35	70690	62274	8417	83819	64151	19668	-11251	-1.34
Apprentice or trainee - hair dresser	4.8	1628	6743	0.19	0.81	0.11	0.04	2.6	0.38	0.42	0.89	74208	56516	17692	75995	64887	11109	6583	0.37
Apprentice or trainee - printer or graphic artist	1.1	7723	1516	0.84	0.16	0.15	0.07	2.13	0.47	0.23	2.07	73940	57632	16308	88838	64764	24074	-7766	-0.48
"Apprentice or trainee - textile, clothing or footware trades worker"	4.7	4172	1961	0.68	0.32	0.13	0.05	2.74	0.41	0.38	1.08	84303	58038	26265	82214	71380	10834	15431	0.59
Apprentice or trainee - wood trades worker	4.9	3547	1638	0.68	0.32	0.15	0.05	3.12	0.31	0.25	1.23	72857	63799	9058	85617	62204	23413	-14355	-1.58
Apprentice or trainee - miscellaneous technicians or trades worker	5.4	7242	5543	0.57	0.43	0.12	0.04	3.25	0.54	0.48	1.12	84097	59216	24881	79673	65694	13979	10902	0.44
Apprentice or trainee - health and welfare support services	9.6	8424	1087	0.89	0.11	0.14	0.04	3.23	0.5	0.36	1.4	71838	65301	6537	86439	63762	22677	-16140	-2.47
Apprentice or trainee - care and community services	2.8	1946	5548	0.26	0.74	0.13	0.03	4.15	0.58	0.29	2.03	78140	60885	17256	89760	66647	23113	-5857	-0.34
Apprentice or trainee - hospitality	1.3	1078	2898	0.27	0.73	0.13	0.07	1.91	0.57	0.29	1.95	70017	69683	333	83470	63921	19549	-19215	-57.65
"Consultant, apprentice or trainee - security and correctional services"	3.8	5397	4123	0.57	0.43	0.13	0.03	4.87	0.4	0.46	0.88	75800	55407	20392	75863	71664	4199	16193	0.79
"Consultant, apprentice or trainee - personal service or travel"	4.2	2026	5529	0.27	0.73	0.11	0.07	1.62	0.32	0.3	1.06	79609	64134	15475	89750	60941	28808	-13334	-0.86
Apprentice or trainee - sport and recreation	9.6	3569	2563	0.58	0.42	0.11	0.07	1.64	0.54	0.36	1.48	79374	68543	10831	78860	65869	12990	-2159	-0.2
Apprentice or trainee - business services	8.1	5085	6223	0.45	0.55	0.13	0.05	2.33	0.34	0.26	1.33	75121	63406	11716	87703	64503	23200	-11484	-0.98
Apprentice or trainee - clerical services	3.2	7290	5513	0.57	0.43	0.1	0.03	3.64	0.43	0.4	1.1	70274	66180	4094	85285	62121	23164	-19070	-4.66
Apprentice or trainee - financial services	9.5	4277	1003	0.81	0.19	0.15	0.06	2.47	0.41	0.42	0.99	71695	67844	3851	76134	62381	13752	-9902	-2.57
Consultant - insurance (clerical)	3.4	10017	2330	0.81	0.19	0.13	0.06	2.13	0.46	0.21	2.2	79832	57974	21858	86580	61551	25029	-3171	-0.15
"Consultant, apprentice or trainee - justice and legal services, insurance claims investigation"	8.3	2728	5661	0.33	0.67	0.12	0.05	2.37	0.39	0.42	0.93	83278	64647	18631	89942	58153	31789	-13158	-0.71
Consultant - sales representative (wholesale)	4.2	4594	3552	0.56	0.44	0.11	0.03	4.61	0.32	0.31	1.05	71496	61020	10476	77265	62311	14954	-4478	-0.43
Consultant - real estate representative	0.9	3229	2649	0.55	0.45	0.14	0.02	5.93	0.5	0.48	1.05	80615	67756	12859	79477	63892	15586	-2727	-0.21
Consultant - sales assistant (retail)	6.7	8141	4526	0.64	0.36	0.14	0.04	3.52	0.33	0.22	1.55	81326	56901	24424	89361	67728	21633	2791	0.11
Apprentice or trainee - miner	1.6	9001	3864	0.7	0.3	0.1	0.06	1.83	0.45	0.43	1.04	72225	58479	13746	87145	65955	21191	-7444	-0.54
Apprentice or trainee - transport and distribution driver	4.5	10544	5768	0.65	0.35	0.13	0.06	2.07	0.35	0.4	0.88	81065	55603	25462	75251	66183	9068	16394	0.64
Apprentice or trainee - storeperson	3.6	7151	3951	0.64	0.36	0.11	0.03	3.8	0.42	0.3	1.39	79858	57240	22618	89066	60883	28183	-5564	-0.25
Apprentice or trainee - cleaning services	0.1	1565	4346	0.26	0.74	0.15	0.05	2.73	0.41	0.32	1.31	82659	63490	19169	79039	59072	19967	-798	-0.04
"Apprentice or trainee - food, drink or meat processor"	0.9	3837	2906	0.57	0.43	0.11	0.02	5	0.36	0.36	0.98	73634	56050	17584	76633	61343	15290	2293	0.13
"Apprentice or trainee - farm, forestry or garden worker"	3.5	6123	1211	0.83	0.17	0.15	0.07	2.28	0.44	0.27	1.62	79309	66648	12660	75812	70137	5675	6986	0.55
"Apprentice or trainee - deck or fishing hand, or autoglazier"	2.1	10736	1382	0.89	0.11	0.11	0.03	3.15	0.31	0.25	1.26	72526	58798	13728	84878	71610	13268	460	0.03
Occupation not matched	5.4	2149	1689	0.56	0.44	0.12	0.03	4.23	0.38	0.44	0.87	74551	68744	5808	88887	59329	29558	-23751	-4.09
Miscellaneous type not specified	2.0	2020	2461	0.45	0.55	0.15	0.04	4.08	0.39	0.47	0.82	77755	61868	15887	77813	67349	10464	5423	0.34
